#! -------------------------
   6053.7602999999999        1.0812976947151154       0.12306374968265191        1.0000000000000000     
   6053.8874999999998       0.96630934669918800       0.12640406481636959        1.0000000000000000     
   6054.0146999999997       0.97470564381636660       0.12386942114317546        1.0000000000000000     
   6054.1418999999996       0.98526121002200173       0.11927084049279203        1.0000000000000000     
   6054.2691999999997       0.91984541008719400       0.11707782505702219        1.0000000000000000     
   6054.3963999999996       0.97578096156297700       0.11603364239755545        1.0000000000000000     
   6054.5236000000004       0.96435835450955321       0.11482044145260641        1.0000000000000000     
   6054.6508000000003        1.1509518588874759       0.11275900209193526        1.0000000000000000     
   6054.7781000000004       0.84358306241872572       0.11634200260078023        1.0000000000000000     
   6054.9053000000004       0.99533930234424528       0.12212005457319848        1.0000000000000000     
   6055.0325999999995        1.0268378681616113       0.11937209571570005        1.0000000000000000     
   6055.1598000000004       0.84396428565723458       0.11552195059352624        1.0000000000000000     
   6055.2870999999996       0.95541950330006020       0.11372093680895702        1.0000000000000000     
   6055.4143000000004       0.90426046796226112       0.11257327515639022        1.0000000000000000     
   6055.5415999999996        1.1002626823832371       0.11132629499815472        1.0000000000000000     
   6055.6688000000004       0.77873385382988880       0.11003489824782249        1.0000000000000000     
   6055.7960999999996        1.0498031027807948       0.11269187316552605        1.0000000000000000     
   6055.9233000000004       0.89968471440774722       0.11627986264491258        1.0000000000000000     
   6056.0505999999996       0.97257853638407910       0.11684547124817593        1.0000000000000000     
   6056.1778999999997       0.88210837587308988       0.11428670827493567        1.0000000000000000     
   6056.3050999999996       0.98472749546238625       0.11284936964734560        1.0000000000000000     
   6056.4323999999997        1.0256773342813057       0.10948902249752984        1.0000000000000000     
   6056.5596999999998       0.92996441755273052       0.10498310997495182        1.0000000000000000     
   6056.6868999999997       0.88363520849004817       0.10385177994185454        1.0000000000000000     
   6056.8141999999998       0.83828924064903010       0.10456363645772727        1.0000000000000000     
   6056.9414999999999       0.81340745272611814       0.10666427173152898        1.0000000000000000     
   6057.0688000000000       0.80443891036696347       0.10608261787335500        1.0000000000000000     
   6057.1961000000001       0.63741567464527071       0.10470018504800781        1.0000000000000000     
   6057.3234000000002       0.63941918130349751       0.10390207194800105        1.0000000000000000     
   6057.4507000000003       0.85363108964186252       0.10554611331601284        1.0000000000000000     
   6057.5779000000002       0.89913261094706054       0.10722633682586367        1.0000000000000000     
   6057.7052000000003       0.93634560703688230       0.10834002721530622        1.0000000000000000     
   6057.8325000000004       0.98879834960261703       0.10852677275598886        1.0000000000000000     
   6057.9597999999996       0.96124188313723802       0.11257679265619208        1.0000000000000000     
   6058.0871999999999        1.0696061947855580       0.11533648661981814        1.0000000000000000     
   6058.2145000000000       0.95861432611638187       0.11951701528607407        1.0000000000000000     
   6058.3418000000001        1.0480788795256000       0.11663860874788068        1.0000000000000000     
   6058.4691000000003        1.0065450582194810       0.11257951022617393        1.0000000000000000     
   6058.5964000000004       0.99512378642731381       0.11068838276044492        1.0000000000000000     
   6058.7236999999996        1.0614772746657082       0.10843903486901060        1.0000000000000000     
   6058.8509999999997       0.90402710429820266       0.10575536131828256        1.0000000000000000     
   6058.9784000000000       0.95428569400517560       0.10556135186184004        1.0000000000000000     
   6059.1057000000001       0.90525087913499958       0.11046444488848178        1.0000000000000000     
   6059.2330000000002        1.1246792895934243       0.11626913009442733        1.0000000000000000     
   6059.3603999999996        1.0209658570850286       0.11696664086540265        1.0000000000000000     
   6059.4876999999997        1.0460637980636678       0.11319419831293168        1.0000000000000000     
   6059.6149999999998        1.0116658846218627       0.10988795629470224        1.0000000000000000     
   6059.7424000000001        1.0048768039704383       0.10748401158236150        1.0000000000000000     
   6059.8697000000002        1.1322462352159737       0.10659849082096336        1.0000000000000000     
   6059.9970999999996       0.79201327512482533       0.10606336996402795        1.0000000000000000     
   6060.1243999999997        1.1631862232591839       0.10664271247651348       0.99998363103983234     
   6060.2516999999998       0.92336268934675225       0.10678469923164581       0.99998330194458906     
   6060.3791000000001       0.98196416211785598       0.11149539204787502       0.99998296261815345     
   6060.5065000000004        1.0904563563013114       0.11060266822839787       0.99998261286245349     
   6060.6337999999996       0.97195464856895775       0.10597930441840793       0.99998225236618021     
   6060.7611999999999       0.95962574043428950       0.10257805429313489       0.99998188056424064     
   6060.8885000000000       0.92849270793768646       0.10176657666482836       0.99998149697407712     
   6061.0159000000003        1.1540981725655453       0.10049103971826613       0.99998110096137693     
   6061.1432999999997       0.80120243980634476        9.9748146341952379E-002  0.99998069198465167     
   6061.2707000000000        1.2193073179214637        9.9233751835914402E-002  0.99998026975553145     
   6061.3980000000001       0.82222226836026746       0.10214148943817959       0.99997983369265286     
   6061.5254000000004        1.0349865394794018       0.10723677530779134       0.99997938286333787     
   6061.6527999999998        1.0711279086345240       0.10656539039820373       0.99997891559774454     
   6061.7802000000001       0.96712972289071986       0.10247491185875963       0.99997841325279779     
   6061.9075999999995        1.0657404785377143        9.9261572707494292E-002  0.99997777361310147     
   6062.0348999999997        1.0646907906560499        9.6959027857199301E-002  0.99997689424855141     
   6062.1623000000000       0.82295648207225958        9.5248088280796048E-002  0.99997600484469917     
   6062.2897000000003       0.98991336129369489        9.5919152298909710E-002  0.99997531131884465     
   6062.4170999999997       0.84949934476495437        9.8948083775136100E-002  0.99997470218013906     
   6062.5445000000000        1.1761861483786917        9.9104133363484156E-002  0.99997408649085340     
   6062.6719000000003       0.91797345721178181       0.10029637020757465       0.99997344880352734     
   6062.7992999999997       0.95612265717613698       0.10121215186935198       0.99997278728671235     
   6062.9267000000000       0.94710850468736674        9.8651418476830538E-002  0.99997210072677412     
   6063.0541000000003        1.0238344482367272        9.6812702075322624E-002  0.99997138758752480     
   6063.1815999999999       0.97913689313247143        9.6459270283884152E-002  0.99997064638489408     
   6063.3090000000002        1.1330746495833857        9.6623311012625751E-002  0.99996987287765482     
   6063.4363999999996       0.93793849156683007        9.5921862078143461E-002  0.99996902610876615     
   6063.5637999999999        1.1659708077960298        9.4844712089691627E-002  0.99996796791342524     
   6063.6912000000002       0.80048018075986149        9.5482244792723645E-002  0.99996668934414035     
   6063.8186999999998       0.95925762423313699        9.5915673152979164E-002  0.99996549075231378     
   6063.9461000000001       0.80354346501849738        9.7463634813928016E-002  0.99996444354357827     
   6064.0735000000004        1.0111342390656100        9.4925418193696362E-002  0.99996338889376013     
   6064.2008999999998       0.87994938665637745        9.0281442867378506E-002  0.99996215845719405     
   6064.3284000000003       0.77832302375137030        8.7530084952815404E-002  0.99996065785028032     
   6064.4557999999997       0.89214983874708265        8.8366950327239110E-002  0.99995913790689639     
   6064.5833000000002       0.69738693746142255        9.2913252642537511E-002  0.99995777234183936     
   6064.7106999999996        1.2655124758572385       0.11067423187885722       0.99995643814474733     
   6064.8382000000001       0.87493671588326172       0.11331209316464110       0.99995505222817582     
   6064.9656000000004        1.0163986124010052        9.8199619875877789E-002  0.99995359907042125     
   6065.0931000000000       0.86814076423224773        9.7751432001066202E-002  0.99995207362183569     
   6065.2205000000004        1.0746406906617565        9.5409305736487621E-002  0.99995047094785539     
   6065.3480000000000       0.87180651935823295        9.2732032226870778E-002  0.99994878572196233     
   6065.4754000000003       0.96344224380299859        9.2186407964318928E-002  0.99994701206625447     
   6065.6028999999999        1.0542987127601275        9.1767363890833911E-002  0.99994514297341686     
   6065.7304000000004       0.89251987035497637        9.1199794892474054E-002  0.99994317208866446     
   6065.8577999999998        1.1613942727549165        8.9632700001947327E-002  0.99994109242741347     
   6065.9853000000003       0.70506569128645957        9.3875313981492528E-002  0.99993889418517068     
   6066.1127999999999        1.0115828256261392       0.10612075686956794       0.99993656798730191     
   6066.2403000000004       0.97968557125032052        9.5275165041144805E-002  0.99993410524712378     
   6066.3676999999998       0.82555925666912355       0.10040572435337247       0.99993149483181343     
   6066.4952000000003        1.1167862850261325        9.6941690970481137E-002  0.99992872256696319     
   6066.6226999999999        1.0115567880288461        9.0572442555474877E-002  0.99992577453308396     
   6066.7502000000004       0.84981373406625926        8.7711197720664574E-002  0.99992263626739131     
   6066.8777000000000        1.0439865769442696        8.8519160298962493E-002  0.99991929057417694     
   6067.0051999999996       0.80922444236256830        8.9638662033507246E-002  0.99991571813971447     
   6067.1327000000001        1.2409387543641581        9.0841780303751438E-002  0.99991189734611474     
   6067.2601999999997       0.86028153302387078        9.0304924412569224E-002  0.99990780384114786     
   6067.3877000000002        1.0130390541127638        9.2557529146066048E-002  0.99990341007353833     
   6067.5151999999998       0.97256250652169374        9.3897323672179608E-002  0.99989868474289390     
   6067.6427000000003       0.98606347173989306        9.2974153723905439E-002  0.99989359208921902     
   6067.7701999999999        1.0135374970473507        9.0088063423966344E-002  0.99988808931675055     
   6067.8977000000004       0.90671104685329007        8.6961110306200823E-002  0.99988210190696170     
   6068.0252000000000       0.94403219368661928        8.6187875550685772E-002  0.99987545352668938     
   6068.1526999999996       0.93029991113360222        8.7914758308756044E-002  0.99986801157503880     
   6068.2802000000001        1.0688592103996550        8.8049034030745280E-002  0.99985991865877644     
   6068.4078000000000       0.91936253297566572        8.6687303517821099E-002  0.99985108412307544     
   6068.5352999999996       0.89961299168301445        8.7658021825620228E-002  0.99984133568699474     
   6068.6628000000001       0.99355708654367958        9.1331927529964010E-002  0.99983077606254445     
   6068.7902999999997        1.0270674338662054        9.3597277430431489E-002  0.99981923797649952     
   6068.9179000000004       0.98452593694197943        9.2302667001123398E-002  0.99980639146717498     
   6069.0454000000000        1.0356087302006509        8.9198147906064826E-002  0.99979194503892443     
   6069.1729999999998       0.93939625708006735        8.6705021069889726E-002  0.99977556029149783     
   6069.3005000000003        1.0063295067502587        8.5896874656519656E-002  0.99975679260508687     
   6069.4279999999999        1.0338949002052156        8.4644287862821882E-002  0.99973500892498413     
   6069.5555999999997       0.88080088731546524        8.5739193291396995E-002  0.99970928721322305     
   6069.6831000000002        1.1817194114724054        8.6751441332044155E-002  0.99967822272687457     
   6069.8107000000000        1.0483648123516403        8.6866922615108255E-002  0.99963946776268986     
   6069.9381999999996       0.95830270827086350        8.5334222943597937E-002  0.99958868094845021     
   6070.0658000000003       0.82226695977355424        8.5096802665453053E-002  0.99951563346046945     
   6070.1934000000001       0.84124528022216527        8.4573788392656765E-002  0.99931370191044233     
   6070.3208999999997        1.0441251706762853        8.2428367354958010E-002  0.99616701427307930     
   6070.4485000000004       0.81406522589565788        7.8180269458846971E-002  0.95841173775716793     
   6070.5760000000000       0.78207842016976437        7.3756402160383788E-002  0.78568623781345726     
   6070.7035999999998       0.52443826928104653        7.0571522602127082E-002  0.54354125133408249     
   6070.8311999999996       0.66381952346600381        7.3031081189436450E-002  0.59203624344709127     
   6070.9588000000003       0.73793786472566358        7.3022182032677019E-002  0.80044126548277572     
   6071.0862999999999       0.70811286922753403        6.9679750440088742E-002  0.73476681860579118     
   6071.2138999999997       0.49951160443389558        7.0891591395824752E-002  0.49814364998416089     
   6071.3415000000005       0.56049383038800249        7.7029910559812995E-002  0.53504517571972521     
   6071.4691000000003       0.80353342887189783        8.1654908812172883E-002  0.80515731535654067     
   6071.5967000000001       0.99795341590641429        8.3245565339378366E-002  0.96305608628292305     
   6071.7242999999999       0.92198951548556340        8.1397360953070846E-002  0.99526631973027824     
   6071.8518999999997       0.88547879371386218        7.9765466310157351E-002  0.99754953262060997     
   6071.9795000000004       0.94499526347630070        8.0227977107115711E-002  0.99710296680641197     
   6072.1071000000002        1.0519052072785986        7.9584356745324061E-002  0.99624160375277915     
   6072.2347000000000       0.90397341618055849        7.9210904457576531E-002  0.99478256790730601     
   6072.3622999999998        1.0121465889337511        7.8945995605599562E-002  0.99133366172676074     
   6072.4898999999996       0.88076926534009514        7.8904144742400747E-002  0.97108340943177007     
   6072.6175000000003       0.95840600584234936        6.9359814356303881E-002  0.85305706959153060     
   6072.7451000000001       0.48931996881003420        5.5610138178093446E-002  0.53321245143251295     
   6072.8726999999999       0.17593399735705978        4.7230519022691896E-002  0.18164003458694070     
   6073.0002999999997        2.9334951872758520E-002   4.6482212926988009E-002   4.5248394834401767E-002
   6073.1279999999997       0.14426097487331241        5.4857959265834519E-002  0.13980432349621114     
   6073.2556000000004       0.52216554839457718        7.0245784650115911E-002  0.46421086969357361     
   6073.3832000000002       0.81698492390561339        7.7434821072145249E-002  0.81158130402749107     
   6073.5108000000000       0.99857867798142563        7.5752161328790410E-002  0.95907579696085188     
   6073.6385000000000       0.80686599676519755        7.4645827248912042E-002  0.96741929902272306     
   6073.7660999999998       0.82129568707350331        7.3764746947681634E-002  0.87796941773972148     
   6073.8937999999998       0.74070707792412793        7.1086504044931609E-002  0.68383579941744621     
   6074.0213999999996       0.52001814124229229        7.2210712864751364E-002  0.54850830706319798     
   6074.1490000000003       0.65150803580180672        7.4547147087918625E-002  0.64622677467150380     
   6074.2767000000003       0.87292611107080131        7.7097860117921468E-002  0.84969399443516735     
   6074.4043000000001       0.96986782975413999        7.8130117856459846E-002  0.96539103347375843     
   6074.5320000000002       0.92175813127631046        7.8145952882105310E-002  0.99382467451038725     
   6074.6596000000000        1.0112580903672652        7.9017283489377130E-002  0.99281164449904857     
   6074.7873000000000       0.97379413323778619        7.6836092256962335E-002  0.96490272835475832     
   6074.9148999999998       0.91522052617303029        6.9888069635375999E-002  0.85620158618851472     
   6075.0425999999998       0.66161957856127251        6.2182210670058191E-002  0.63156683371928934     
   6075.1702999999998       0.37572554186838236        6.0887624341540471E-002  0.41114731187508452     
   6075.2978999999996       0.38768342302852693        6.4967629597818183E-002  0.36850688108868818     
   6075.4255999999996       0.50162317053892724        6.5778676214633722E-002  0.47561208119468773     
   6075.5532999999996       0.50715798429469860        6.3879279867091285E-002  0.54723733305764144     
   6075.6809999999996       0.51032534427176734        6.1881302477656171E-002  0.50124496083927184     
   6075.8086000000003       0.45729099544204538        6.0744842280003777E-002  0.39973738383445367     
   6075.9363000000003       0.39089395177803621        5.6946243824137550E-002  0.30710597670172041     
   6076.0640000000003       0.26406908781746968        5.0615491338991993E-002  0.24521425712928213     
   6076.1917000000003       0.21105934522003925        4.6792041816009704E-002  0.21651679904428336     
   6076.3194000000003        5.0782727562571545E-002   5.0044013358493164E-002  0.21972962045852845     
   6076.4471000000003       0.33717198157944478        5.5988434885869562E-002  0.25506600398746576     
   6076.5748000000003       0.31694322330479147        5.9369301382083121E-002  0.32371510667112796     
   6076.7025000000003       0.43792799926725479        6.2855455357964662E-002  0.41939225005536807     
   6076.8302000000003       0.49275508657146017        6.2333448261080115E-002  0.49534014617184269     
   6076.9579000000003       0.45647071832083524        6.0618747522269825E-002  0.46204208273360997     
   6077.0856000000003       0.40040784975550664        6.1783932833361643E-002  0.42268075099785479     
   6077.2133000000003       0.63308114923296688        6.6566355236227087E-002  0.60848911200952216     
   6077.3410000000003       0.79217684839307245        7.0010925021950415E-002  0.85241746689384745     
   6077.4687000000004       0.75113919043768218        7.1903391813791254E-002  0.95778812210008257     
   6077.5964000000004       0.98143272759711708        7.3511307457167080E-002  0.97866949822019089     
   6077.7241000000004       0.86163433137230228        7.3273857469211029E-002  0.95761359335661811     
   6077.8518000000004        1.0255515100456074        6.9774553331015135E-002  0.87246713552839317     
   6077.9795999999997       0.62961486178564530        6.4515485785152066E-002  0.70688813964254082     
   6078.1072999999997       0.51853583633258959        6.1378119460934633E-002  0.51844169579560728     
   6078.2349999999997       0.38122047352808003        6.1545921072756762E-002  0.41569102776693861     
   6078.3626999999997       0.49869346328456576        6.4233510376656089E-002  0.46274008351153351     
   6078.4904999999999       0.65311298289067454        6.7382972517976467E-002  0.63000550139091782     
   6078.6181999999999       0.82448001341625210        6.9326292649474777E-002  0.80786679306804066     
   6078.7460000000001       0.83982790771705707        6.6719010426786518E-002  0.85247531495886864     
   6078.8737000000001       0.65723085973860929        6.0717462149879234E-002  0.66159245644351616     
   6079.0014000000001       0.37794543372369582        6.0901346399377949E-002  0.45797056326528485     
   6079.1292000000003       0.73747846230162284        6.7398060779685243E-002  0.59904813250681122     
   6079.2569000000003       0.82964417156774217        7.3754739159617222E-002  0.86882902563439057     
   6079.3846999999996        1.0761369028399170        7.5247550707120969E-002  0.98138295566261680     
   6079.5124999999998       0.93541889853383609        7.5025352898045711E-002  0.99857223840508247     
   6079.6401999999998       0.88022068125015251        7.3623198879851845E-002  0.99968867116348870     
   6079.7680000000000       0.88792753163464921        7.2736862321152701E-002  0.99977974423117921     
   6079.8957000000000       0.93946378813255282        7.3331351304963141E-002  0.99982009635315483     
   6080.0235000000002        1.0264369597527159        7.3638469301162343E-002  0.99984646624205764     
   6080.1513000000004       0.99191054155438574        7.2142714559804838E-002  0.99986525521615943     
   6080.2790000000005       0.93959452151994327        7.2286972464952248E-002  0.99987941178761264     
   6080.4067999999997        1.0963034560967653        7.2648756307029216E-002  0.99989053409058670     
   6080.5346000000000       0.90484434749737574        7.2452146468128878E-002  0.99989955317951251     
   6080.6624000000002        1.0961570001551209        7.3315058232962554E-002  0.99990704822771626     
   6080.7902000000004       0.93402005431506907        7.4497374912464401E-002  0.99991340066528445     
   6080.9179000000004        1.0419838502159557        7.5790869520324627E-002  0.99991887355958020     
   6081.0456999999997       0.98426538611312075        7.5416242643689568E-002  0.99992365598928989     
   6081.1734999999999        1.0318578807418337        7.4441194547653425E-002  0.99992788263492760     
   6081.3013000000001       0.98230660160322758        7.3000913706446943E-002  0.99993165272251072     
   6081.4291000000003       0.99551675539211482        7.2769174083040483E-002  0.99993504328810279     
   6081.5568999999996        1.0717622813229792        7.5080241815922891E-002  0.99993811426258494     
   6081.6846999999998        1.0561962534594660        7.5733525406053506E-002  0.99994091290618836     
   6081.8125000000000       0.97816328038275280        7.0582373356999406E-002  0.99994347708524067     
   6081.9403000000002       0.88703479242462657        6.9284216633137316E-002  0.99994583776232393     
   6082.0681000000004        1.0166259108816693        6.9966557289184536E-002  0.99994802722387111     
   6082.1958999999997        1.0055052830773790        7.0063795995763012E-002  0.99995012830951036     
   6082.3238000000001       0.96738579735789421        7.2153079672949580E-002  0.99995229114848805     
   6082.4516000000003        1.0435935488781964        7.3913666824821686E-002  0.99995442048987926     
   6082.5793999999996        1.0091142009117529        7.4179254603475339E-002  0.99995623748493112     
   6082.7071999999998        1.0502899907341361        7.2079037108481708E-002  0.99995779030249776     
   6082.8350000000000       0.96345183393990941        6.9985855432959015E-002  0.99995922236581347     
   6082.9629000000004       0.95292493677922085        6.9231024951561526E-002  0.99996061963607874     
   6083.0906999999997       0.97978636404331398        6.9093894661884758E-002  0.99996212252613392     
   6083.2184999999999        1.0440763701554514        6.8184650579056927E-002  0.99996369662601647     
   6083.3464000000004       0.87473738394336409        6.6237989645531056E-002  0.99996504232462580     
   6083.4741999999997       0.91687092965087524        6.4656136961998206E-002  0.99996613939302181     
   6083.6019999999999       0.81371032614564653        6.4136392329337585E-002  0.99996713384670233     
   6083.7299000000003       0.88583920153978812        6.6225962802727828E-002  0.99996807651052966     
   6083.8576999999996       0.92388894774109731        6.8760599205309345E-002  0.99996897473585389     
   6083.9856000000000       0.95583418078671500        7.1539143254781321E-002  0.99996983170480291     
   6084.1134000000002        1.0247750632762613        7.1324412647083085E-002  0.99997065021622522     
   6084.2412999999997       0.92418449098338262        7.0177753430966161E-002  0.99997143277951672     
   6084.3690999999999       0.98577980821221634        6.9571356214931726E-002  0.99997218170406821     
   6084.4970000000003       0.98436192305642800        6.9372462514029412E-002  0.99997289931498123     
   6084.6248999999998        1.0067324874137520        6.8919539926748832E-002  0.99997358728133634     
   6084.7527000000000       0.95093316299332731        6.8457737449679229E-002  0.99997424714991012     
   6084.8806000000004        1.0013601529332392        6.8266730238965526E-002  0.99997488098476595     
   6085.0084999999999       0.95303224685757337        6.7586479088709350E-002  0.99997549027720356     
   6085.1364000000003       0.94152492609611893        6.8438275167564247E-002  0.99997607599026672     
   6085.2641999999996        1.0953015576255152        6.8464781792454951E-002  0.99997663941484838     
   6085.3921000000000       0.94280952585801481        6.8882203835337566E-002  0.99997718211453790     
   6085.5200000000004        1.0309118934896979        7.0041538499324346E-002  0.99997770554793208     
   6085.6478999999999       0.97731757357880789        7.0567421518964363E-002  0.99997821955308697     
   6085.7758000000003        1.0346846932945570        6.9971876951306702E-002  0.99997879519167232     
   6085.9035999999996       0.94870410884469825        6.8658151485347707E-002  0.99997956162947899     
   6086.0315000000001       0.98140100721365209        6.8301980075721358E-002   1.0000000000000000     
   6086.1593999999996       0.98644877244074436        6.8351986816130139E-002   1.0000000000000000     
   6086.2873000000000        1.0261177090965508        6.8020169791878721E-002   1.0000000000000000     
   6086.4152000000004        1.0261418131666895        6.7267984925448082E-002   1.0000000000000000     
   6086.5430999999999       0.95785492967576535        6.6839939107683419E-002   1.0000000000000000     
   6086.6710000000003        1.0509176060556553        6.7380188759953247E-002   1.0000000000000000     
   6086.7990000000000       0.99236525198218151        6.7452405204991767E-002   1.0000000000000000     
   6086.9269000000004        1.0457847560523912        6.7284270573544094E-002   1.0000000000000000     
   6087.0547999999999       0.96593711368487867        6.8279425743299607E-002   1.0000000000000000     
   6087.1827000000003        1.0285415689394439        6.8536496820034182E-002   1.0000000000000000     
   6087.3105999999998       0.98434026672195607        6.8674380901812396E-002   1.0000000000000000     
   6087.4385000000002        1.0250973313620579        6.8532056138847414E-002   1.0000000000000000     
   6087.5664999999999       0.97911156019054191        6.8164356019434158E-002   1.0000000000000000     
   6087.6944000000003        1.0767827758260913        6.7359754300687885E-002   1.0000000000000000     
   6087.8222999999998       0.95608263264945148        6.6402847515288063E-002   1.0000000000000000     
   6087.9503000000004        1.0200933365473315        6.5860500063456590E-002   1.0000000000000000     
   6088.0781999999999       0.98751122714448425        6.5729764603426818E-002   1.0000000000000000     
   6088.2061000000003        1.0198572617699040        6.6019569545689605E-002   1.0000000000000000     
   6088.3341000000000        1.0183808320935115        6.5536520433352050E-002   1.0000000000000000     
   6088.4620000000004        1.0515193320395115        6.4183144319592753E-002   1.0000000000000000     
   6088.5900000000001       0.88755965730070208        6.4272086475081994E-002   1.0000000000000000     
   6088.7178999999996        1.0828975117889075        6.4394295246552422E-002   1.0000000000000000     
   6088.8459000000003       0.88309914807209222        6.6556228627472958E-002   1.0000000000000000     
   6088.9737999999998        1.0973178896856499        6.6036995000192958E-002   1.0000000000000000     
   6089.1018000000004       0.92324600275367674        6.5984774653092312E-002   1.0000000000000000     
   6089.2296999999999        1.0346268925520341        6.5338990889142523E-002   1.0000000000000000     
   6089.3576999999996       0.94335340051911787        6.4836174542593120E-002   1.0000000000000000     
   6089.4857000000002        1.0191492571985394        6.4212425652812655E-002   1.0000000000000000     
   6089.6135999999997       0.89668143344745055        6.3797669218745773E-002   1.0000000000000000     
   6089.7416000000003        1.0274797751218865        6.3231168582813260E-002   1.0000000000000000     
   6089.8696000000000       0.92912840365624427        6.2583470491370849E-002   1.0000000000000000     
   6089.9975000000004       0.98342598822570093        6.2796347830977026E-002   1.0000000000000000     
   6090.1255000000001        1.0452348268951515        6.2690861253651656E-002   1.0000000000000000     
   6090.2534999999998       0.95346867628800080        6.2143127712548117E-002   1.0000000000000000     
   6090.3815000000004       0.97134029309588665        6.2235334071603234E-002   1.0000000000000000     
   6090.5095000000001       0.91022011968214844        6.4103155198656406E-002   1.0000000000000000     
   6090.6374999999998        1.0587295754909267        6.4989697485328096E-002   1.0000000000000000     
   6090.7655000000004        1.0040046085147252        6.3931154339584198E-002   1.0000000000000000     
   6090.8933999999999       0.93636523191137222        6.3283283816322394E-002   1.0000000000000000     
   6091.0213999999996       0.98319456761747592        6.2996333542216787E-002   1.0000000000000000     
   6091.1494000000002       0.99981585133095219        6.2590277525253230E-002   1.0000000000000000     
   6091.2773999999999       0.96069538217879746        6.2681407180322113E-002   1.0000000000000000     
   6091.4054999999998       0.98719961336787398        6.2904669508998229E-002   1.0000000000000000     
   6091.5334999999995       0.94422926654820061        6.1896310919928685E-002   1.0000000000000000     
   6091.6615000000002        1.0086390983827966        6.1318174140866460E-002   1.0000000000000000     
   6091.7894999999999       0.90557891773769517        6.1137489841088653E-002   1.0000000000000000     
   6091.9174999999996        1.0644577794125052        6.0547496525056109E-002   1.0000000000000000     
   6092.0455000000002       0.86146073833798753        6.1464580365130382E-002   1.0000000000000000     
   6092.1734999999999        1.1588894749660679        6.0832785060078658E-002   1.0000000000000000     
   6092.3015999999998       0.86565180954186927        6.2111727805992743E-002   1.0000000000000000     
#!  ---- tick mark positions for above ----
#!      6073.01152     1     2
#!      6074.03372     1     4
#!      6070.74940     1     6
#!      6076.24259     1     8
#!      6077.09881     1    10
#!      6079.01817     1    12
#!      6078.25995     1    14
#!      6071.26575     1    16
#!      6075.23370     1    18
