#! -------------------------
   8611.0622000000003       0.96698711877676924        3.6229810350134242E-002   1.0000000000000000     
   8611.2432000000008       0.99570115252893199        3.6562113350899067E-002   1.0000000000000000     
   8611.4241000000002       0.99594688441772827        3.7168168927190562E-002   1.0000000000000000     
   8611.6051000000007        1.0291266876269587        3.7395161624622884E-002   1.0000000000000000     
   8611.7860999999994       0.93114185583311215        3.7076187382280121E-002   1.0000000000000000     
   8611.9670999999998       0.96737014813474442        3.6274166486063006E-002   1.0000000000000000     
   8612.1479999999992       0.89724268693029074        3.7759061155055382E-002   1.0000000000000000     
   8612.3289999999997       0.99713247484257550        3.8363249559585526E-002   1.0000000000000000     
   8612.5100000000002       0.91167072031199836        3.7199584952499150E-002   1.0000000000000000     
   8612.6910000000007       0.97093833630051662        3.6398187039643065E-002   1.0000000000000000     
   8612.8719999999994       0.94758530855562140        3.6134066805282417E-002   1.0000000000000000     
   8613.0529999999999       0.96375817009672149        3.5856944735571966E-002   1.0000000000000000     
   8613.2340000000004       0.91351962655633634        3.5694055255507652E-002   1.0000000000000000     
   8613.4150000000009       0.94754795061878927        3.5884895456141284E-002   1.0000000000000000     
   8613.5959999999995       0.93481217760801849        3.6631199455355680E-002   1.0000000000000000     
   8613.7770000000000       0.97704381994445233        3.8407343493734820E-002   1.0000000000000000     
   8613.9580000000005       0.95306436168938147        3.8691080730555778E-002   1.0000000000000000     
   8614.1389999999992       0.88257439466563548        3.7939166241281352E-002   1.0000000000000000     
   8614.3199999999997        1.0284951593647640        3.7589818164324884E-002   1.0000000000000000     
   8614.5010999999995       0.92567265017183575        3.9253311528811487E-002   1.0000000000000000     
   8614.6821000000000        1.0372055293658755        4.2282551828487357E-002   1.0000000000000000     
   8614.8631000000005       0.96475850148720999        4.0725723790189301E-002   1.0000000000000000     
   8615.0442000000003       0.94864358967424744        3.7621169285798207E-002   1.0000000000000000     
   8615.2252000000008       0.93749329751969168        3.6822586934975934E-002   1.0000000000000000     
   8615.4063000000006       0.99468750936102723        3.6765542088636367E-002   1.0000000000000000     
   8615.5872999999992       0.90729408536334943        3.6376782057732177E-002   1.0000000000000000     
   8615.7684000000008       0.95119572078171066        3.6470439463677659E-002   1.0000000000000000     
   8615.9493999999995       0.94780179884979365        3.7129436383980516E-002   1.0000000000000000     
   8616.1304999999993       0.94297515616714012        3.9338437208352506E-002   1.0000000000000000     
   8616.3114999999998       0.94660490845209777        4.1507411218957360E-002   1.0000000000000000     
   8616.4925999999996       0.95900728804530200        3.9906736077701808E-002   1.0000000000000000     
   8616.6736999999994       0.95257000067564479        3.7422281651222529E-002   1.0000000000000000     
   8616.8547999999992       0.90704786769279067        3.6798707750921651E-002   1.0000000000000000     
   8617.0357999999997       0.94585232904561267        3.8700828392424801E-002   1.0000000000000000     
   8617.2168999999994       0.97425254585157095        4.2869018937517926E-002   1.0000000000000000     
   8617.3979999999992       0.76572190480019164        4.3996481556858744E-002   1.0000000000000000     
   8617.5791000000008       0.98624433516510635        3.9855634720341690E-002   1.0000000000000000     
   8617.7602000000006       0.89131791179366748        3.7142970238787862E-002   1.0000000000000000     
   8617.9413000000004       0.92857163482126093        3.6582626886887383E-002   1.0000000000000000     
   8618.1224000000002       0.91220693362877081        3.5790056864053003E-002   1.0000000000000000     
   8618.3035000000000       0.87483691772020367        3.5411932476187548E-002   1.0000000000000000     
   8618.4845999999998       0.86249540886959308        3.6028080228069879E-002   1.0000000000000000     
   8618.6656999999996       0.93218823420777519        3.9261445825784509E-002   1.0000000000000000     
   8618.8467999999993       0.84213425886554838        4.3063565094125109E-002   1.0000000000000000     
   8619.0280000000002       0.80616895403664190        4.2024386083963597E-002   1.0000000000000000     
   8619.2091000000000       0.95600060162284517        3.8414685055696604E-002   1.0000000000000000     
   8619.3901999999998       0.91462833518876718        3.6256303166775708E-002   1.0000000000000000     
   8619.5712999999996       0.87827616382919593        3.6172198252406945E-002   1.0000000000000000     
   8619.7525000000005       0.94590776998782888        3.7842230433725421E-002   1.0000000000000000     
   8619.9336000000003       0.99290206970568562        4.4215697525405731E-002   1.0000000000000000     
   8620.1147999999994       0.82445109567624641        4.9436782946406022E-002   1.0000000000000000     
   8620.2958999999992       0.83143869508589163        4.4456582653282783E-002   1.0000000000000000     
   8620.4771000000001       0.98837845599371055        3.7047371772620304E-002   1.0000000000000000     
   8620.6581999999999       0.77697867714091140        3.6434971106656971E-002   1.0000000000000000     
   8620.8394000000008        1.0127816029733949        3.6901915184179679E-002   1.0000000000000000     
   8621.0205000000005       0.81372553522199953        3.6028413877727331E-002   1.0000000000000000     
   8621.2016999999996       0.97283090157676289        3.6304882548126673E-002   1.0000000000000000     
   8621.3829000000005       0.84017129862386319        3.8622493777045339E-002   1.0000000000000000     
   8621.5640999999996        1.0240687320932755        4.5565610103066381E-002   1.0000000000000000     
   8621.7451999999994       0.70264611151448231        4.7442395998076883E-002   1.0000000000000000     
   8621.9264000000003       0.92257417920600004        4.1716445547963603E-002   1.0000000000000000     
   8622.1075999999994       0.94973882883444283        3.7850606794951731E-002   1.0000000000000000     
   8622.2888000000003       0.94356983688295393        3.7057326882693697E-002   1.0000000000000000     
   8622.4699999999993       0.86221747048997821        3.5929635068000301E-002   1.0000000000000000     
   8622.6512000000002       0.90403415696264089        3.6562334570299809E-002   1.0000000000000000     
   8622.8323999999993       0.92729617456065061        4.0757754444419349E-002   1.0000000000000000     
   8623.0136000000002        1.0433946664803406        4.9852084543950903E-002   1.0000000000000000     
   8623.1947999999993       0.52230079337819335        5.1994420556404568E-002   1.0000000000000000     
   8623.3760000000002        1.1199572473028347        4.1901166191805873E-002   1.0000000000000000     
   8623.5571999999993       0.82243107362299539        3.7456770839678744E-002   1.0000000000000000     
   8623.7384000000002       0.87487996360317710        3.7007100968686278E-002   1.0000000000000000     
   8623.9197000000004       0.92240966437033445        3.6187828775478194E-002   1.0000000000000000     
   8624.1008999999995       0.90273310682714092        3.5641509306781449E-002   1.0000000000000000     
   8624.2821000000004       0.82383596274712123        3.6995983468164226E-002  0.99999999999989442     
   8624.4634000000005       0.99000186845481497        4.5012206142090977E-002  0.99999999998178946     
   8624.6445999999996       0.92264521411102984        5.2503436376238333E-002  0.99999999895032543     
   8624.8258000000005       0.89701223313888900        4.7359106270253866E-002  0.99999997861552581     
   8625.0071000000007        1.1184363339756489        3.9115396277358105E-002  0.99999983494003142     
   8625.1882999999998       0.95466872617969123        3.7771879461425295E-002  0.99999945704010973     
   8625.3696000000000        1.0265115113080663        3.9266053084606949E-002  0.99999906621264856     
   8625.5509000000002        1.0716618975958929        3.7778086491635381E-002  0.99999887248587560     
   8625.7320999999993       0.85623092032250436        3.7533083976991663E-002  0.99999877207998289     
   8625.9133999999995        1.1547278996856234        3.9619296249995994E-002  0.99999867654890562     
   8626.0946999999996       0.90482929472281093        4.8513953354868314E-002  0.99999857029819783     
   8626.2759000000005        1.0095170047259194        6.0967831737942596E-002  0.99999845073944804     
   8626.4572000000007        1.1279217553417515        5.2803936347676578E-002  0.99999831546757112     
   8626.6384999999991       0.95182376288895154        4.0797724185664880E-002  0.99999816159273858     
   8626.8197999999993       0.91212252085648360        3.8476489692385041E-002  0.99999798557236419     
   8627.0010999999995       0.99594344527995604        3.8079208501777297E-002  0.99999778298183262     
   8627.1823000000004       0.91778118815558762        3.6388611493015859E-002  0.99999754816597741     
   8627.3636000000006       0.87711038996670343        3.6161751225847943E-002  0.99999727375591163     
   8627.5449000000008       0.83268791258717711        4.0662420921970990E-002  0.99999695028666558     
   8627.7261999999992       0.99692900261365280        5.1740489520858718E-002  0.99999656524931657     
   8627.9076000000005       0.44434353555763095        5.3069749604899935E-002  0.99999610186744203     
   8628.0889000000006        1.0307747131685607        4.0718495039341988E-002  0.99999553745410419     
   8628.2702000000008       0.71500589856832519        3.6044427590845293E-002  0.99999484008745287     
   8628.4514999999992       0.81812161713929887        3.5332372421026645E-002  0.99999396381705918     
   8628.6327999999994       0.89838643427837905        3.6214473990357550E-002  0.99999284066858252     
   8628.8142000000007       0.81140253673720408        3.7072601936639325E-002  0.99999136696269020     
   8628.9955000000009       0.95820482985679867        3.6010750417431021E-002  0.99998937794794529     
   8629.1767999999993       0.85164359996304062        3.6148146860031774E-002  0.99998659421527158     
   8629.3582000000006       0.89458081305192638        3.9425465898749811E-002  0.99998250983705705     
   8629.5395000000008       0.81725106317473373        5.4180172319943307E-002  0.99997606644616921     
   8629.7207999999991        1.0953889217797723        6.1521566105007600E-002  0.99995923857434166     
   8629.9022000000004       0.78239874884060245        4.7460813386994281E-002  0.99965831705650954     
   8630.0835000000006       0.89311253468536733        3.8529728794918526E-002  0.99384647915918223     
   8630.2649000000001       0.99438289877670516        3.6454056683575070E-002  0.94284288037650010     
   8630.4462999999996       0.69966385393057084        3.1231885678566662E-002  0.75350645684746498     
   8630.6275999999998       0.39113062890729988        2.9231446327369993E-002  0.48701891543738685     
   8630.8089999999993       0.57307155106382102        3.2923579984490782E-002  0.46445954436612030     
   8630.9904000000006       0.58969617141451314        4.5794621943437253E-002  0.71877878047922328     
   8631.1717000000008       0.90702931669084508        6.0959017858753989E-002  0.92828743794196322     
   8631.3531000000003        1.0033328472376875        5.1889929895113256E-002  0.99148027513756176     
   8631.5344999999998       0.88194688159432022        4.0646332555843594E-002  0.99949901071220493     
   8631.7158999999992       0.88769653075551647        3.7406965832254474E-002  0.99995218055238411     
   8631.8973000000005       0.95183695841224203        3.6705343640600498E-002  0.99997371667404711     
   8632.0787000000000       0.85861848993330103        3.6689068932962518E-002  0.99998028140453354     
   8632.2600999999995       0.91683267317690798        3.8358158500581628E-002  0.99998374187791694     
   8632.4415000000008        1.0113728039110226        3.8650097270598906E-002  0.99998387988882353     
   8632.6229000000003       0.93537351853306205        3.8328240249146293E-002  0.99997655124035301     
   8632.8042999999998       0.90897181340515998        4.0089043912870929E-002  0.99994779848089432     
   8632.9856999999993        1.0716358730012963        4.7126016791407210E-002  0.99985859790110676     
   8633.1671000000006       0.97868987567562027        6.0707557860176703E-002  0.99961193839031282     
   8633.3485999999994       0.59692834511193427        5.8549771422775100E-002  0.99899271305159398     
   8633.5300000000007        1.3019209180624034        4.0713442855180089E-002  0.99757875779097915     
   8633.7114000000001       0.51857676625326954        3.6832262471638122E-002  0.99464450620340628     
   8633.8927999999996       0.97634528836739587        3.7527814307712550E-002  0.98912315479157653     
   8634.0743000000002       0.75074676779706251        3.6022017255711421E-002  0.97974288254731556     
   8634.2556999999997       0.98780439299708711        3.5933434413738745E-002  0.96542958425898528     
   8634.4372000000003       0.68238511562762516        4.0250503609850906E-002  0.94593962692684341     
   8634.6185999999998        1.0770538111930146        5.4933271127419858E-002  0.92248387300491530     
   8634.8001000000004       0.63331663594137189        5.7711046481085312E-002  0.89794396809517074     
   8634.9814999999999       0.87249518466541098        4.4254312829943403E-002  0.87639590964252101     
   8635.1630000000005       0.88764394706855010        3.6078320520196126E-002  0.86202056061329169     
   8635.3444999999992       0.69566641063501122        3.4614044899651079E-002  0.85784047964292798     
   8635.5259000000005       0.79745150957500999        3.4731818164875583E-002  0.86475936167013101     
   8635.7073999999993       0.79104744612022415        3.4921858753779976E-002  0.88128609202413266     
   8635.8888999999999       0.81586318100485811        3.5448603299865648E-002  0.90399650865603820     
   8636.0702999999994       0.81341658548484053        3.6825642219736804E-002  0.92860745022881663     
   8636.2518000000000       0.89134244717831157        3.6570118249716163E-002  0.95127181830082364     
   8636.4333000000006       0.87160931620130555        3.5783367291248730E-002  0.96951246422403348     
   8636.6147999999994       0.77216342552137862        3.7443247011170383E-002  0.98252134826788551     
   8636.7963000000000        1.0169343001588271        4.7396079608761119E-002  0.99081663993377489     
   8636.9778000000006       0.97950777386949972        5.9995500427055440E-002  0.99557566641226214     
   8637.1592999999993       0.71214615971798889        5.3776879165663573E-002  0.99804371189127117     
   8637.3407999999999        1.1156466326402918        4.0514912498276330E-002  0.99920503576038255     
   8637.5223000000005       0.82362571645199822        3.8562476587365724E-002  0.99970231982138924     
   8637.7037999999993       0.98976077935868401        3.7453222440577916E-002  0.99989659322752855     
   8637.8852999999999       0.75061396445243966        3.6352218629070093E-002  0.99996603981566845     
   8638.0668999999998       0.95248716940030709        3.7255795104156844E-002  0.99998885972535667     
   8638.2484000000004       0.62318210893906745        4.3466358627814165E-002  0.99999583230298306     
   8638.4298999999992       0.89103079670051921        5.5290022128422170E-002  0.99999788524719557     
   8638.6115000000009       0.82447793351625853        5.0001486991806628E-002  0.99999853103882375     
   8638.7929999999997       0.75363382294110903        3.9924824716751163E-002  0.99999883226564923     
   8638.9745000000003       0.86672131022758248        3.6321960010955064E-002  0.99999918619597361     
   8639.1561000000002       0.82597995988636053        3.5521567529157055E-002  0.99999964414798181     
   8639.3376000000007       0.80322453457234644        3.5985964090577159E-002  0.99999992596666087     
   8639.5192000000006       0.90164859141079823        3.6396175085507354E-002  0.99999999379542537     
   8639.7006999999994       0.82390454620813580        3.6587714603220002E-002  0.99999999980945409     
   8639.8822999999993       0.84151652026857682        3.8864013436056728E-002  0.99999999999797684     
   8640.0638999999992       0.90407960096354723        4.3213278027867411E-002  0.99999999999999356     
   8640.2453999999998        1.0071579667384862        4.1575969923378739E-002   1.0000000000000000     
   8640.4269999999997       0.91978999958861973        3.8568020255568353E-002   1.0000000000000000     
   8640.6085999999996       0.90191541650495177        3.9691269621970560E-002   1.0000000000000000     
   8640.7901000000002        1.0820297816351963        4.8504145834045831E-002   1.0000000000000000     
   8640.9717000000001       0.96258473127037336        5.7353384748612193E-002   1.0000000000000000     
   8641.1532999999999        1.1692473444899023        5.0780790046297195E-002   1.0000000000000000     
   8641.3348999999998        1.0135668702233260        4.0922273896081295E-002   1.0000000000000000     
   8641.5164999999997       0.97589870626812270        3.9341710807528837E-002   1.0000000000000000     
   8641.6980999999996       0.98879719808222122        3.8804224077033982E-002   1.0000000000000000     
   8641.8796999999995       0.97989355234680076        3.8592955554034962E-002   1.0000000000000000     
   8642.0612999999994       0.95573678861030220        3.9994056982816648E-002   1.0000000000000000     
   8642.2428999999993       0.97124692872765384        4.4564576400883460E-002   1.0000000000000000     
   8642.4244999999992       0.95066140177246983        4.7431532389249804E-002   1.0000000000000000     
   8642.6061000000009       0.99255067895082083        4.2936217879853328E-002   1.0000000000000000     
   8642.7878000000001       0.86856533861500873        3.9272874041158021E-002   1.0000000000000000     
   8642.9694000000000       0.94513249185212944        3.8307443538424857E-002   1.0000000000000000     
   8643.1509999999998       0.91349670450501441        3.8416193734294307E-002   1.0000000000000000     
   8643.3325999999997       0.96428223939487767        4.0292899166730317E-002   1.0000000000000000     
   8643.5143000000007       0.81054205643527488        4.4651280497332725E-002   1.0000000000000000     
   8643.6959000000006       0.80037416294788077        4.5695452428872116E-002   1.0000000000000000     
   8643.8775999999998       0.83448649378599959        4.4618472943162554E-002   1.0000000000000000     
   8644.0591999999997       0.85821916114531205        4.3606598825661813E-002   1.0000000000000000     
   8644.2409000000007       0.86777397771092957        4.0409899927086164E-002   1.0000000000000000     
   8644.4225000000006       0.91805018865226795        3.8171575009338037E-002   1.0000000000000000     
   8644.6041999999998       0.91401994939210940        3.7875732939573026E-002   1.0000000000000000     
   8644.7857999999997       0.90539524732162868        3.8058638026990603E-002   1.0000000000000000     
   8644.9675000000007       0.96173319333087215        3.8303222834434915E-002   1.0000000000000000     
   8645.1491999999998       0.94804838126709989        3.8433639960230193E-002   1.0000000000000000     
   8645.3307999999997       0.98110258102880832        3.8748479792978664E-002   1.0000000000000000     
   8645.5125000000007       0.94373803587421123        3.9171810003894539E-002   1.0000000000000000     
   8645.6941999999999       0.97826774899581770        3.9420156737979460E-002   1.0000000000000000     
   8645.8758999999991       0.97279302050384064        3.9319779063580175E-002   1.0000000000000000     
   8646.0576000000001       0.99209337207852610        3.9192750141458323E-002   1.0000000000000000     
   8646.2392999999993       0.99209319446330002        3.9024373343481134E-002   1.0000000000000000     
   8646.4210000000003       0.98177189626398276        3.8808796586921955E-002   1.0000000000000000     
   8646.6026999999995       0.98968328352293333        3.9228885137998493E-002   1.0000000000000000     
   8646.7844000000005        1.0597480052220292        3.8768733246639028E-002   1.0000000000000000     
   8646.9660999999996       0.90924582587364855        3.8720397885828498E-002   1.0000000000000000     
   8647.1478000000006        1.0341067082658195        3.9322511029556591E-002   1.0000000000000000     
   8647.3294999999998       0.96224948736407478        3.9559200826635117E-002   1.0000000000000000     
   8647.5112000000008        1.0234993201883678        4.0135626107871719E-002   1.0000000000000000     
   8647.6929999999993       0.95915591794440558        4.0814596669461405E-002   1.0000000000000000     
   8647.8747000000003        1.0448378680929715        4.0685565275122459E-002   1.0000000000000000     
   8648.0563999999995        1.0082254929212326        3.9601607006982835E-002   1.0000000000000000     
   8648.2381000000005       0.95099047633778544        4.0602743791667929E-002   1.0000000000000000     
   8648.4199000000008       0.98695927125532679        4.7376367300009992E-002   1.0000000000000000     
   8648.6016000000000        1.2106272773725415        5.6646951221949716E-002   1.0000000000000000     
   8648.7834000000003       0.71737877347185008        5.2690901134966849E-002   1.0000000000000000     
   8648.9650999999994        1.0719534813814573        4.4607587682748626E-002   1.0000000000000000     
   8649.1468999999997       0.94930178885923500        4.0508620715488490E-002   1.0000000000000000     
   8649.3286000000007       0.99662033404947048        3.9834981842594507E-002   1.0000000000000000     
   8649.5103999999992       0.99097468061999638        3.9857639886904633E-002   1.0000000000000000     
   8649.6921999999995        1.0048272162200691        4.0005134491512599E-002   1.0000000000000000     
   8649.8739000000005        1.0059602975928863        3.9778435583115168E-002   1.0000000000000000     
   8650.0557000000008       0.95780862304791803        3.9785815623105555E-002   1.0000000000000000     
   8650.2374999999993        1.0062757035303385        4.0405857143200177E-002   1.0000000000000000     
   8650.4192999999996       0.94838630608846319        4.1268331976813670E-002   1.0000000000000000     
   8650.6010000000006        1.0366022765299665        4.1417764592244180E-002   1.0000000000000000     
   8650.7828000000009       0.87208891299242430        4.0980079073584912E-002   1.0000000000000000     
   8650.9645999999993        1.0464364975576839        4.3753979178099575E-002   1.0000000000000000     
   8651.1463999999996        1.0088652872216233        5.1660724770645927E-002   1.0000000000000000     
   8651.3281999999999       0.82495151132563438        6.3662854359171087E-002   1.0000000000000000     
   8651.5100000000002        1.2288947441608133        6.4272768331328015E-002   1.0000000000000000     
   8651.6918000000005        1.0158418473034123        5.0189683823403670E-002   1.0000000000000000     
   8651.8736000000008       0.93467924205377573        4.6327843149578031E-002   1.0000000000000000     
   8652.0555000000004       0.96992624635774705        5.1963872626833815E-002   1.0000000000000000     
   8652.2373000000007        1.1076863659272012        4.9097645731321062E-002   1.0000000000000000     
   8652.4190999999992       0.84291758766516789        4.3166629814325376E-002   1.0000000000000000     
   8652.6008999999995        1.2064746199426304        4.2130322079384476E-002   1.0000000000000000     
   8652.7828000000009       0.63556897938219170        4.9606913694313172E-002   1.0000000000000000     
   8652.9645999999993        1.4540431122247466        6.8168808158149463E-002   1.0000000000000000     
   8653.1463999999996       0.62716306004078859        6.3912695118444704E-002   1.0000000000000000     
   8653.3282999999992        1.0537742920749358        4.8154955711605767E-002   1.0000000000000000     
   8653.5100999999995       0.96785905683630691        4.1819473832317426E-002   1.0000000000000000     
   8653.6919999999991       0.94445329260622879        4.0890192369578499E-002   1.0000000000000000     
   8653.8737999999994       0.94566852984552707        4.2163561340519497E-002   1.0000000000000000     
   8654.0557000000008       0.97320816485124528        4.2393572857706376E-002   1.0000000000000000     
#!  ---- tick mark positions for above ----
#!      8630.72978     4    19
#!      8635.32166     4    20
