#! -------------------------
   5833.9192119999998       0.94715600000000000        2.7819000000000000E-002   1.0000000000000000     
   5834.0414730000002       0.93254499999999996        2.7767000000000000E-002   1.0000000000000000     
   5834.1637330000003       0.98369499999999999        2.7559000000000000E-002   1.0000000000000000     
   5834.2859930000004        1.0013150000000000        2.7407999999999998E-002   1.0000000000000000     
   5834.4082529999996       0.95584000000000002        2.7331000000000001E-002   1.0000000000000000     
   5834.5305129999997        1.0389409999999999        2.7330000000000000E-002   1.0000000000000000     
   5834.6527729999998        1.0099149999999999        2.7541000000000000E-002   1.0000000000000000     
   5834.7750329999999       0.98535799999999996        2.7785000000000001E-002   1.0000000000000000     
   5834.8972930000000        1.0108530000000000        2.7713999999999999E-002   1.0000000000000000     
   5835.0195530000001        1.0216630000000000        2.7813000000000001E-002   1.0000000000000000     
   5835.1418130000002        1.0101789999999999        2.7740000000000001E-002   1.0000000000000000     
   5835.2640730000003       0.95471799999999996        2.7612000000000001E-002   1.0000000000000000     
   5835.3863330000004        1.0485270000000000        2.7824000000000002E-002   1.0000000000000000     
   5835.5085929999996        1.0329510000000000        2.7900999999999999E-002   1.0000000000000000     
   5835.6308529999997       0.96355999999999997        2.7753000000000000E-002   1.0000000000000000     
   5835.7531129999998       0.96231599999999995        2.7647999999999999E-002   1.0000000000000000     
   5835.8753729999999       0.95567000000000002        2.7947000000000000E-002   1.0000000000000000     
   5835.9976330000000       0.99261299999999997        2.8004999999999999E-002   1.0000000000000000     
   5836.1198940000004        1.0011399999999999        2.7782000000000001E-002   1.0000000000000000     
   5836.2421539999996       0.94868500000000000        2.7567999999999999E-002   1.0000000000000000     
   5836.3644139999997       0.99682999999999999        2.7684000000000000E-002   1.0000000000000000     
   5836.4866739999998        1.0244190000000000        2.7923000000000000E-002   1.0000000000000000     
   5836.6089339999999       0.99309099999999995        2.7813000000000001E-002   1.0000000000000000     
   5836.7311940000000        1.0032880000000000        2.7695000000000001E-002   1.0000000000000000     
   5836.8534540000001        1.0004980000000001        2.7857000000000000E-002   1.0000000000000000     
   5836.9757140000002        1.0069610000000000        2.7966999999999999E-002   1.0000000000000000     
   5837.0979740000002       0.95669599999999999        2.7910999999999998E-002   1.0000000000000000     
   5837.2202340000003       0.96587599999999996        2.7913000000000000E-002   1.0000000000000000     
   5837.3424940000004       0.99815399999999999        2.7942000000000002E-002   1.0000000000000000     
   5837.4647539999996       0.99165499999999995        2.7952999999999999E-002   1.0000000000000000     
   5837.5870139999997       0.98420700000000005        2.7829000000000000E-002   1.0000000000000000     
   5837.7092739999998       0.99178900000000003        2.7671000000000001E-002   1.0000000000000000     
   5837.8315339999999        1.0576330000000000        2.7775999999999999E-002   1.0000000000000000     
   5837.9537940000000        1.0617420000000000        2.7699000000000001E-002   1.0000000000000000     
   5838.0760550000005        1.0481410000000000        2.7668999999999999E-002   1.0000000000000000     
   5838.1983149999996        1.0100370000000001        2.7838999999999999E-002   1.0000000000000000     
   5838.3205749999997       0.95651799999999998        2.8332000000000000E-002   1.0000000000000000     
   5838.4428349999998        1.0576520000000000        2.8694999999999998E-002   1.0000000000000000     
   5838.5650949999999       0.99702599999999997        2.8642000000000001E-002   1.0000000000000000     
   5838.6873550000000       0.90858399999999995        2.8440000000000000E-002   1.0000000000000000     
   5838.8096150000001       0.95897399999999999        2.8267000000000000E-002   1.0000000000000000     
   5838.9318750000002       0.96741999999999995        2.8521000000000001E-002   1.0000000000000000     
   5839.0541350000003        1.0849290000000000        2.8558000000000000E-002   1.0000000000000000     
   5839.1763950000004        1.0319360000000000        2.8001999999999999E-002   1.0000000000000000     
   5839.2986549999996       0.98183799999999999        2.7973999999999999E-002   1.0000000000000000     
   5839.4209149999997       0.94363500000000000        2.8261000000000001E-002   1.0000000000000000     
   5839.5431749999998       0.95558200000000004        2.8413000000000001E-002   1.0000000000000000     
   5839.6654349999999       0.99539699999999998        2.8247000000000001E-002   1.0000000000000000     
   5839.7876950000000       0.94882299999999997        2.7824999999999999E-002   1.0000000000000000     
   5839.9099550000001       0.91925599999999996        2.7834000000000001E-002   1.0000000000000000     
   5840.0322159999996       0.94356700000000004        2.7858999999999998E-002   1.0000000000000000     
   5840.1544759999997        1.0059199999999999        2.7941000000000001E-002   1.0000000000000000     
   5840.2767359999998        1.0174700000000001        2.8013000000000000E-002   1.0000000000000000     
   5840.3989959999999       0.96833899999999995        2.7968000000000000E-002   1.0000000000000000     
   5840.5212560000000       0.98399400000000004        2.7999000000000000E-002   1.0000000000000000     
   5840.6435160000001        1.0352840000000001        2.8336000000000000E-002   1.0000000000000000     
   5840.7657760000002        1.0355490000000001        2.8669000000000000E-002   1.0000000000000000     
   5840.8880360000003       0.97314000000000001        2.8548000000000000E-002   1.0000000000000000     
   5841.0102960000004        1.0383119999999999        2.8416000000000000E-002   1.0000000000000000     
   5841.1325559999996       0.98240099999999997        2.8556999999999999E-002   1.0000000000000000     
   5841.2548159999997       0.94394699999999998        2.8686000000000000E-002   1.0000000000000000     
   5841.3770759999998        1.0106020000000000        2.8490999999999999E-002   1.0000000000000000     
   5841.4993359999999        1.0308839999999999        2.8499000000000000E-002   1.0000000000000000     
   5841.6215960000000        1.0003940000000000        2.8414999999999999E-002   1.0000000000000000     
   5841.7438560000001       0.97864899999999999        2.8317999999999999E-002   1.0000000000000000     
   5841.8661160000001        1.0411470000000000        2.8303999999999999E-002   1.0000000000000000     
   5841.9883760000002        1.0771139999999999        2.8393999999999999E-002   1.0000000000000000     
   5842.1106369999998        1.0726720000000001        2.8348000000000002E-002   1.0000000000000000     
   5842.2328969999999        1.0179119999999999        2.8324999999999999E-002   1.0000000000000000     
   5842.3551570000000        1.0229020000000000        2.8608999999999999E-002   1.0000000000000000     
   5842.4774170000001       0.97180500000000003        2.8917999999999999E-002  0.99999999999999922     
   5842.5996770000002       0.96426800000000001        2.9041000000000001E-002  0.99999999999946454     
   5842.7219370000003       0.98388399999999998        2.8722999999999999E-002  0.99999999993459643     
   5842.8441970000003       0.96361900000000000        2.8514000000000001E-002  0.99999999725162070     
   5842.9664570000004       0.93903700000000001        2.8339000000000000E-002  0.99999995815952536     
   5843.0887169999996        1.0065150000000000        2.8643999999999999E-002  0.99999975008793984     
   5843.2109769999997        1.0003940000000000        2.8974000000000000E-002  0.99999932857829388     
   5843.3332369999998       0.94924299999999995        2.8614000000000001E-002  0.99999897698701190     
   5843.4554969999999        1.0080220000000000        2.8559000000000001E-002  0.99999880820946918     
   5843.5777570000000       0.99460199999999999        2.8946000000000000E-002  0.99999869452164447     
   5843.7000170000001        1.0345110000000000        2.8969999999999999E-002  0.99999857343967125     
   5843.8222770000002        1.0181899999999999        2.8816000000000001E-002  0.99999843500463548     
   5843.9445370000003       0.95186400000000004        2.8975000000000001E-002  0.99999827533407559     
   5844.0667979999998        1.0057769999999999        2.9045999999999999E-002  0.99999808982954019     
   5844.1890579999999       0.96121400000000001        2.9159999999999998E-002  0.99999787257832906     
   5844.3113180000000       0.89658700000000002        2.9009000000000000E-002  0.99999761586347169     
   5844.4335780000001       0.95272900000000005        2.8674000000000002E-002  0.99999730945738929     
   5844.5558380000002       0.96904000000000001        2.8780000000000000E-002  0.99999693956955515     
   5844.6780980000003       0.90081100000000003        2.8686000000000000E-002  0.99999648723254742     
   5844.8003580000004       0.89053599999999999        2.8632000000000001E-002  0.99999592575910223     
   5844.9226179999996       0.97385100000000002        2.9134000000000000E-002  0.99999521659572854     
   5845.0448779999997        1.0438050000000001        2.9000999999999999E-002  0.99999430228586916     
   5845.1671379999998        1.0334289999999999        2.8219000000000001E-002  0.99999309394249980     
   5845.2893979999999        1.0591140000000001        2.8122000000000001E-002  0.99999144759774983     
   5845.4116580000000       0.98360499999999995        2.8781000000000001E-002  0.99998911609753938     
   5845.5339180000001       0.95723300000000000        2.9256999999999998E-002  0.99998563964553355     
   5845.6561780000002        1.0067800000000000        2.9420999999999999E-002  0.99997978158962042     
   5845.7784380000003        1.0145980000000001        2.9293000000000000E-002  0.99994537982386800     
   5845.9006980000004       0.98464799999999997        2.8906999999999999E-002  0.99903754912470000     
   5846.0229579999996        1.0454129999999999        2.8795999999999999E-002  0.98517919214591176     
   5846.1452190000000       0.94772999999999996        2.9287000000000001E-002  0.89322007614530685     
   5846.2674790000001       0.63273800000000002        2.9350000000000001E-002  0.63780466936354729     
   5846.3897390000002       0.41933900000000002        2.9183000000000001E-002  0.38926178513740495     
   5846.5119990000003       0.47427999999999998        2.9135999999999999E-002  0.46787962672773453     
   5846.6342590000004       0.78266800000000003        2.7414000000000001E-002  0.76314835309352025     
   5846.7565189999996       0.97543199999999997        2.4139000000000001E-002  0.94880420573762592     
   5846.8787789999997       0.96022799999999997        2.2311999999999999E-002  0.99486823867185059     
   5847.0010389999998        1.0312990000000000        2.3609999999999999E-002  0.99973802932633660     
   5847.1232989999999       0.96777800000000003        2.6976000000000000E-002  0.99997071346328459     
   5847.2455590000000       0.96382699999999999        2.9012000000000000E-002  0.99998222695061179     
   5847.3678190000001       0.91058499999999998        2.9361999999999999E-002  0.99998606230782816     
   5847.4900790000002       0.97937900000000000        2.9798000000000002E-002  0.99998755601280109     
   5847.6123390000002       0.95554399999999995        2.9759000000000001E-002  0.99998511041030114     
   5847.7345990000003       0.94938800000000001        2.9370000000000000E-002  0.99997150179232686     
   5847.8568590000004        1.0279990000000001        2.9051000000000000E-002  0.99992479715366722     
   5847.9791189999996        1.0332830000000000        2.9111999999999999E-002  0.99978596101384021     
   5848.1013800000001       0.97290100000000002        2.9333000000000001E-002  0.99941261829172845     
   5848.2236400000002       0.95804199999999995        2.9758000000000000E-002  0.99849808455168876     
   5848.3459000000003       0.90363099999999996        3.0143000000000000E-002  0.99645751817519579     
   5848.4681600000004       0.93557100000000004        3.0053000000000000E-002  0.99231887914436678     
   5848.5904200000004       0.91920999999999997        2.9683999999999999E-002  0.98471335375013769     
   5848.7126799999996       0.92110800000000004        2.9447999999999998E-002  0.97210283556579735     
   5848.8349399999997       0.91552800000000001        2.9167999999999999E-002  0.95333805993309761     
   5848.9571999999998       0.93366300000000002        2.8718000000000000E-002  0.92845278192265690     
   5849.0794599999999       0.96807799999999999        2.8534000000000000E-002  0.89933448451549269     
   5849.2017200000000       0.88624800000000004        2.8663000000000001E-002  0.86979836073532368     
   5849.3239800000001       0.90190899999999996        2.8752000000000000E-002  0.84482622050381129     
   5849.4462400000002       0.84853999999999996        2.9179000000000000E-002  0.82920232992842391     
   5849.5685000000003       0.80159499999999995        2.9097999999999999E-002  0.82610560501007102     
   5849.6907600000004       0.97110600000000002        2.8837999999999999E-002  0.83617836114104838     
   5849.8130199999996       0.94335400000000003        2.8903999999999999E-002  0.85734110779402206     
   5849.9352799999997       0.92401100000000003        2.8617000000000000E-002  0.88539779881611380     
   5850.0575410000001        1.0269140000000001        2.8896000000000002E-002  0.91527391757424104     
   5850.1798010000002        1.0053859999999999        2.9485999999999998E-002  0.94247463421842748     
   5850.3020610000003       0.90260300000000004        2.9496999999999999E-002  0.96418031644217495     
   5850.4243210000004       0.89688299999999999        2.9543000000000000E-002  0.97955563026168990     
   5850.5465809999996       0.98552200000000001        2.9887000000000000E-002  0.98930221145123443     
   5850.6688409999997       0.97190299999999996        2.9852000000000000E-002  0.99486477632734771     
   5850.7911009999998       0.96445199999999998        2.9645000000000001E-002  0.99773662971863675     
   5850.9133609999999        1.0168470000000001        2.9800000000000000E-002  0.99908297068841379     
   5851.0356210000000        1.0004270000000000        2.9970000000000000E-002  0.99965780316332353     
   5851.1578810000001       0.93643600000000005        3.0082000000000001E-002  0.99988186493327758     
   5851.2801410000002       0.93681800000000004        3.0351000000000000E-002  0.99996178510408129     
   5851.4024010000003       0.95676499999999998        3.0705000000000000E-002  0.99998796212934493     
   5851.5246610000004       0.99284899999999998        3.0374000000000002E-002  0.99999590609459588     
   5851.6469209999996       0.98980400000000002        2.9895000000000001E-002  0.99999825862820202     
   5851.7691809999997       0.97619900000000004        2.9735000000000001E-002  0.99999917804368765     
   5851.8914409999998       0.89228700000000005        2.9863000000000001E-002  0.99999972773396018     
   5852.0137009999999       0.93617099999999998        2.9853000000000001E-002  0.99999995619214910     
   5852.1359620000003       0.87715699999999996        3.0012000000000000E-002  0.99999999715662991     
   5852.2582220000004       0.97501099999999996        2.9912999999999999E-002  0.99999999993226618     
   5852.3804819999996        1.0150640000000000        2.9957000000000001E-002  0.99999999999944056     
   5852.5027419999997       0.98572000000000004        2.9766999999999998E-002  0.99999999999999900     
   5852.6250019999998       0.97653400000000001        2.9836000000000001E-002   1.0000000000000000     
   5852.7472619999999       0.93340999999999996        3.0466000000000000E-002   1.0000000000000000     
   5852.8695220000000       0.92239899999999997        3.0630000000000001E-002   1.0000000000000000     
   5852.9917820000001       0.89271500000000004        3.0712000000000000E-002   1.0000000000000000     
   5853.1140420000002        1.0045770000000001        3.0668000000000001E-002   1.0000000000000000     
   5853.2363020000003       0.96786899999999998        3.0404000000000000E-002   1.0000000000000000     
   5853.3585620000003       0.92621699999999996        3.0443999999999999E-002   1.0000000000000000     
   5853.4808220000004        1.0372749999999999        3.0750000000000000E-002   1.0000000000000000     
   5853.6030819999996        1.0403400000000000        3.1875000000000001E-002   1.0000000000000000     
   5853.7253419999997       0.95387299999999997        3.4875999999999997E-002   1.0000000000000000     
   5853.8476019999998        1.0124530000000000        3.5658000000000002E-002   1.0000000000000000     
   5853.9698619999999       0.84027499999999999        3.2961999999999998E-002   1.0000000000000000     
   5854.0921230000004       0.96104599999999996        3.1455999999999998E-002   1.0000000000000000     
   5854.2143830000005       0.92565299999999995        3.1316999999999998E-002   1.0000000000000000     
   5854.3366429999996       0.91738900000000001        3.0891999999999999E-002   1.0000000000000000     
   5854.4589029999997        1.0119100000000001        3.0922999999999999E-002   1.0000000000000000     
   5854.5811629999998       0.97073200000000004        3.1035000000000000E-002   1.0000000000000000     
   5854.7034229999999       0.97199599999999997        3.0698000000000000E-002   1.0000000000000000     
   5854.8256830000000       0.92407300000000003        3.1158000000000002E-002   1.0000000000000000     
   5854.9479430000001       0.99888699999999997        3.1322999999999997E-002   1.0000000000000000     
   5855.0702030000002        1.0114449999999999        3.1133000000000001E-002   1.0000000000000000     
   5855.1924630000003        1.0201940000000000        3.1307000000000001E-002   1.0000000000000000     
   5855.3147230000004        1.0243400000000000        3.1669999999999997E-002   1.0000000000000000     
   5855.4369829999996       0.99174899999999999        3.1834000000000001E-002   1.0000000000000000     
   5855.5592429999997        1.0007690000000000        3.1798000000000000E-002   1.0000000000000000     
   5855.6815029999998       0.97866299999999995        3.2002999999999997E-002   1.0000000000000000     
   5855.8037629999999       0.90989200000000003        3.1983999999999999E-002   1.0000000000000000     
   5855.9260230000000       0.99442399999999997        3.1937000000000000E-002   1.0000000000000000     
   5856.0482830000001        1.0386660000000001        3.1851999999999998E-002   1.0000000000000000     
   5856.1705439999996       0.97576099999999999        3.1479000000000000E-002   1.0000000000000000     
   5856.2928039999997       0.99292499999999995        3.1614999999999997E-002   1.0000000000000000     
   5856.4150639999998       0.91462100000000002        3.1953000000000002E-002   1.0000000000000000     
   5856.5373239999999       0.96561200000000003        3.2058000000000003E-002   1.0000000000000000     
   5856.6595840000000       0.96613899999999997        3.2003999999999998E-002   1.0000000000000000     
   5856.7818440000001       0.92400800000000005        3.3155999999999998E-002   1.0000000000000000     
   5856.9041040000002       0.98886300000000005        4.2537999999999999E-002   1.0000000000000000     
   5857.0263640000003       0.91872299999999996        4.5848000000000000E-002   1.0000000000000000     
   5857.1486240000004       0.98649799999999999        3.3241000000000000E-002   1.0000000000000000     
   5857.2708839999996        1.0256500000000000        3.2321000000000003E-002   1.0000000000000000     
   5857.3931439999997        1.0420250000000000        3.1932000000000002E-002   1.0000000000000000     
   5857.5154039999998       0.97771100000000000        3.1824999999999999E-002   1.0000000000000000     
   5857.6376639999999       0.99165899999999996        3.2569000000000001E-002   1.0000000000000000     
   5857.7599240000000       0.97101400000000004        3.2835000000000003E-002   1.0000000000000000     
   5857.8821840000001        1.0271980000000001        3.2694000000000001E-002   1.0000000000000000     
   5858.0044440000001       0.96004000000000000        3.2528000000000001E-002   1.0000000000000000     
   5858.1267049999997        1.0515760000000001        3.2465000000000001E-002   1.0000000000000000     
   5858.2489649999998       0.99207999999999996        3.2518999999999999E-002   1.0000000000000000     
   5858.3712249999999        1.0229050000000000        3.2376000000000002E-002   1.0000000000000000     
   5858.4934850000000       0.91395000000000004        3.2354000000000001E-002   1.0000000000000000     
   5858.6157450000001       0.94809399999999999        3.2608999999999999E-002   1.0000000000000000     
   5858.7380050000002        1.0212380000000001        3.3066999999999999E-002   1.0000000000000000     
   5858.8602650000003       0.98259600000000002        3.2821999999999997E-002   1.0000000000000000     
   5858.9825250000004       0.88505500000000004        3.2115999999999999E-002   1.0000000000000000     
   5859.1047850000004       0.99176699999999995        3.6138999999999998E-002   1.0000000000000000     
   5859.2270449999996        1.0164010000000001        3.8595999999999998E-002   1.0000000000000000     
   5859.3493049999997       0.97099800000000003        3.4183999999999999E-002   1.0000000000000000     
   5859.4715649999998       0.96792100000000003        3.3203000000000003E-002   1.0000000000000000     
   5859.5938249999999       0.99681299999999995        3.3291000000000001E-002   1.0000000000000000     
   5859.7160850000000        1.0334930000000000        3.3070000000000002E-002   1.0000000000000000     
   5859.8383450000001       0.94072900000000004        3.2889000000000002E-002   1.0000000000000000     
   5859.9606050000002        1.0114380000000001        3.3072999999999998E-002   1.0000000000000000     
   5860.0828659999997       0.98758400000000002        3.3362999999999997E-002   1.0000000000000000     
   5860.2051259999998       0.95826199999999995        3.3270000000000001E-002   1.0000000000000000     
   5860.3273859999999       0.96413700000000002        3.3124000000000001E-002   1.0000000000000000     
   5860.4496460000000       0.90435299999999996        3.3114999999999999E-002   1.0000000000000000     
   5860.5719060000001        1.0360810000000000        3.2828000000000003E-002   1.0000000000000000     
   5860.6941660000002       0.94181599999999999        3.2543000000000002E-002   1.0000000000000000     
   5860.8164260000003       0.93724799999999997        3.2439999999999997E-002   1.0000000000000000     
   5860.9386860000004       0.95941399999999999        3.2835999999999997E-002   1.0000000000000000     
   5861.0609459999996       0.94376400000000005        3.3072999999999998E-002   1.0000000000000000     
#!  ---- tick mark positions for above ----
#!      5856.41907    11    19
#!      5846.42518    12    19
#!      5859.53491    11    20
#!      5849.53570    12    20
