#! -------------------------
   4719.5037659999998       0.86687700000000001        4.6709000000000001E-002   1.0000000000000000     
   4719.5750189999999       0.83588799999999996        4.5657999999999997E-002   1.0000000000000000     
   4719.6462720000000        1.0890169999999999        4.5030000000000001E-002   1.0000000000000000     
   4719.7175239999997        1.0061020000000001        4.5337000000000002E-002   1.0000000000000000     
   4719.7887769999998       0.95654600000000001        4.4748000000000003E-002   1.0000000000000000     
   4719.8600299999998       0.94120199999999998        4.3980999999999999E-002   1.0000000000000000     
   4719.9312829999999       0.94872900000000004        4.5082999999999998E-002   1.0000000000000000     
   4720.0025360000000        1.0900920000000001        4.6815000000000002E-002   1.0000000000000000     
   4720.0737879999997        1.0481830000000001        4.7294000000000003E-002   1.0000000000000000     
   4720.1450409999998        1.0698790000000000        4.6819000000000000E-002   1.0000000000000000     
   4720.2162939999998       0.99017299999999997        4.6597000000000000E-002   1.0000000000000000     
   4720.2875469999999       0.93713999999999997        4.5032999999999997E-002   1.0000000000000000     
   4720.3588000000000       0.90207899999999996        4.4430999999999998E-002   1.0000000000000000     
   4720.4300519999997       0.86721599999999999        4.4565000000000000E-002   1.0000000000000000     
   4720.5013049999998       0.93635400000000002        4.4093000000000000E-002   1.0000000000000000     
   4720.5725579999998       0.87607800000000002        4.3333999999999998E-002   1.0000000000000000     
   4720.6438109999999       0.89145099999999999        4.2264000000000003E-002   1.0000000000000000     
   4720.7150640000000       0.95673399999999997        4.2276000000000001E-002   1.0000000000000000     
   4720.7863159999997       0.91914200000000001        4.1825000000000001E-002   1.0000000000000000     
   4720.8575689999998       0.78130100000000002        4.2560000000000001E-002   1.0000000000000000     
   4720.9288219999999       0.81862100000000004        4.4387999999999997E-002   1.0000000000000000     
   4721.0000749999999       0.72710799999999998        4.3580000000000001E-002   1.0000000000000000     
   4721.0713269999997       0.71123400000000003        4.0973000000000002E-002   1.0000000000000000     
   4721.1425799999997       0.71470400000000001        4.0285000000000001E-002   1.0000000000000000     
   4721.2138329999998       0.79873099999999997        3.9993000000000001E-002   1.0000000000000000     
   4721.2850859999999       0.83569300000000002        3.9861000000000001E-002   1.0000000000000000     
   4721.3563389999999       0.75021800000000005        3.9952000000000001E-002   1.0000000000000000     
   4721.4275909999997       0.89480899999999997        3.9726999999999998E-002   1.0000000000000000     
   4721.4988439999997       0.78410599999999997        4.0016000000000003E-002   1.0000000000000000     
   4721.5700969999998       0.88139400000000001        4.0936000000000000E-002   1.0000000000000000     
   4721.6413499999999       0.89652900000000002        4.1720000000000000E-002   1.0000000000000000     
   4721.7126029999999       0.89984399999999998        4.2633999999999998E-002   1.0000000000000000     
   4721.7838549999997       0.89209799999999995        4.2144000000000001E-002   1.0000000000000000     
   4721.8551079999997       0.87994399999999995        4.1703999999999998E-002   1.0000000000000000     
   4721.9263609999998       0.85299899999999995        4.1579999999999999E-002   1.0000000000000000     
   4721.9976139999999       0.87917900000000004        4.0898999999999998E-002   1.0000000000000000     
   4722.0688670000000       0.92493400000000003        4.0835999999999997E-002   1.0000000000000000     
   4722.1401189999997       0.82018400000000002        4.0952000000000002E-002   1.0000000000000000     
   4722.2113719999998       0.86924400000000002        4.0065999999999997E-002   1.0000000000000000     
   4722.2826249999998       0.84955199999999997        4.0122999999999999E-002   1.0000000000000000     
   4722.3538779999999       0.79166700000000001        3.9964000000000000E-002   1.0000000000000000     
   4722.4251299999996       0.83580900000000002        3.8935999999999998E-002   1.0000000000000000     
   4722.4963829999997       0.92630299999999999        3.9896000000000001E-002   1.0000000000000000     
   4722.5676359999998       0.81701500000000005        4.0593999999999998E-002   1.0000000000000000     
   4722.6388889999998       0.78594699999999995        3.9906999999999998E-002   1.0000000000000000     
   4722.7101419999999       0.83908600000000000        3.9639000000000001E-002   1.0000000000000000     
   4722.7813939999996       0.76871299999999998        4.0065000000000003E-002   1.0000000000000000     
   4722.8526469999997       0.80822200000000000        4.0162999999999997E-002   1.0000000000000000     
   4722.9238999999998       0.75831599999999999        3.9671999999999999E-002   1.0000000000000000     
   4722.9951529999998       0.75176100000000001        3.9032999999999998E-002   1.0000000000000000     
   4723.0664059999999       0.84367199999999998        3.8549000000000000E-002  0.99996949090681153     
   4723.1376579999996       0.95276400000000006        3.8817999999999998E-002  0.99996906130186614     
   4723.2089109999997       0.91001200000000004        3.9389000000000000E-002  0.99996862249871044     
   4723.2801639999998       0.80658300000000005        3.9994000000000002E-002  0.99996817423187812     
   4723.3514169999999       0.91607799999999995        4.1408000000000000E-002  0.99996771623178127     
   4723.4226689999996       0.74466500000000002        3.9366999999999999E-002  0.99996724821343730     
   4723.4939219999997       0.65835100000000002        3.8315000000000002E-002  0.99996676987562361     
   4723.5651749999997       0.82304999999999995        3.7906000000000002E-002  0.99996628091115414     
   4723.6364279999998       0.84297000000000000        3.7878000000000002E-002  0.99996578100476108     
   4723.7076809999999       0.68188800000000005        3.8315000000000002E-002  0.99996526982942180     
   4723.7789329999996       0.80816600000000005        3.8218000000000002E-002  0.99996474704215155     
   4723.8501859999997       0.83193700000000004        3.8080000000000003E-002  0.99996421228096932     
   4723.9214389999997       0.80107300000000004        3.8440000000000002E-002  0.99996366517561186     
   4723.9926919999998       0.87837100000000001        3.8591000000000000E-002  0.99996310534517929     
   4724.0639449999999       0.83442400000000005        3.8481000000000001E-002  0.99996253239398480     
   4724.1351969999996       0.88934400000000002        3.7925000000000000E-002  0.99996194590673815     
   4724.2064499999997       0.89867699999999995        3.8066999999999997E-002  0.99996134544501802     
   4724.2777029999997       0.80291800000000002        3.7849000000000001E-002  0.99996073055917511     
   4724.3489559999998       0.87619300000000000        3.7807000000000000E-002  0.99996010078558162     
   4724.4202089999999       0.89815500000000004        3.8022000000000000E-002  0.99995945564184829     
   4724.4914609999996       0.90131099999999997        3.8746999999999997E-002  0.99995879462117920     
   4724.5627139999997       0.97882800000000003        3.9322000000000003E-002  0.99995811718811178     
   4724.6339669999998       0.97739100000000001        3.9938000000000001E-002  0.99995742279272748     
   4724.7052199999998       0.83022700000000005        4.0658000000000000E-002  0.99995671087045668     
   4724.7764719999996       0.83695399999999998        4.0055000000000000E-002  0.99995598082408332     
   4724.8477249999996       0.83430199999999999        3.8452000000000000E-002  0.99995523202174674     
   4724.9189779999997       0.82784300000000000        3.7277999999999999E-002  0.99995446381234476     
   4724.9902309999998       0.74820100000000000        3.7024000000000001E-002  0.99995367552167180     
   4725.0614839999998       0.76519999999999999        3.6469000000000001E-002  0.99995286644601700     
   4725.1327359999996       0.78531700000000004        3.5973999999999999E-002  0.99995203584473447     
   4725.2039889999996       0.62850300000000003        3.6008999999999999E-002  0.99995118293454155     
   4725.2752419999997       0.63088500000000003        3.5159000000000003E-002  0.99995030690568432     
   4725.3464949999998       0.53010500000000005        3.3908000000000001E-002  0.99994940691739342     
   4725.4177479999998       0.52559999999999996        3.2704999999999998E-002  0.99994848209034159     
   4725.4889999999996       0.43720900000000001        3.1738000000000002E-002  0.99994753149768489     
   4725.5602529999996       0.35949300000000001        3.1234999999999999E-002  0.99994655415794143     
   4725.6315059999997       0.34336100000000003        3.0338000000000000E-002  0.99994554905446498     
   4725.7027589999998       0.27259899999999998        2.9010000000000001E-002  0.99994451513427540     
   4725.7740110000004       0.31562800000000002        2.8215000000000000E-002  0.99994345128089690     
   4725.8452639999996       0.26321600000000001        2.7352000000000001E-002  0.99994235631008110     
   4725.9165169999997       0.18108299999999999        2.5781999999999999E-002  0.99994122899093618     
   4725.9877699999997        1.8425000000000000E-002   2.3951000000000000E-002  0.99994006803901447     
   4726.0590229999998        5.9635000000000001E-002   2.1704000000000001E-002  0.99993887210550803     
   4726.1302750000004        1.4652999999999999E-002   1.9782000000000001E-002  0.99993763976459493     
   4726.2015279999996        1.0021000000000000E-002   1.9285000000000000E-002  0.99993636950309039     
   4726.2727809999997        7.3860999999999996E-002   1.8523000000000001E-002  0.99993505974252939     
   4726.3440339999997       -2.3907999999999999E-002   1.8179000000000001E-002  0.99993370883049904     
   4726.4152869999998        8.3300000000000006E-003   1.7905000000000001E-002  0.99993231502728275     
   4726.4865390000004       -2.3064000000000001E-002   1.7495000000000000E-002  0.99993087649004497     
   4726.5577919999996       -8.0900000000000000E-003   1.7795999999999999E-002  0.99992939125954927     
   4726.6290449999997       -1.1533000000000000E-002   1.7791000000000001E-002  0.99992785728467326     
   4726.7002979999997       -2.7052000000000000E-002   1.7933999999999999E-002  0.99992627241101195     
   4726.7715509999998       -2.1047000000000000E-002   1.7434999999999999E-002  0.99992463436379908     
   4726.8428029999995       -1.6360000000000001E-003   1.7392999999999999E-002  0.99992294072750798     
   4726.9140559999996       -3.6602000000000003E-002   1.7177000000000001E-002  0.99992118892806137     
   4726.9853089999997       -1.8495999999999999E-002   1.6653000000000001E-002  0.99991937626227934     
   4727.0565619999998       -1.6969999999999999E-003   1.6430000000000000E-002  0.99991749989056855     
   4727.1278140000004        8.8940000000000009E-003   1.6567999999999999E-002  0.99991555678171440     
   4727.1990669999996       -1.7037000000000000E-002   1.7035999999999999E-002  0.99991354369771912     
   4727.2703199999996        4.8224999999999997E-002   1.7021000000000001E-002  0.99991145722485608     
   4727.3415729999997       -1.9706999999999999E-002   1.7350000000000001E-002  0.99990929375326987     
   4727.4128259999998        3.1371000000000003E-002   1.7349000000000000E-002  0.99990704944838216     
   4727.4840780000004        2.7688999999999998E-002   1.6768000000000002E-002  0.99990472021721577     
   4727.5553309999996       -4.5529000000000000E-002   1.7167000000000002E-002  0.99990230167764782     
   4727.6265839999996       -1.1550000000000000E-003   1.7722000000000002E-002  0.99989978918825073     
   4727.6978369999997       -4.2065999999999999E-002   1.7210000000000000E-002  0.99989717781940857     
   4727.7690899999998       -2.6650000000000000E-002   1.6905000000000000E-002  0.99989446231378942     
   4727.8403420000004        7.7261999999999997E-002   1.6924000000000002E-002  0.99989163703928141     
   4727.9115949999996       0.11651900000000000        1.7676999999999998E-002  0.99988869594432994     
   4727.9828479999996       0.29278900000000002        1.8936000000000001E-002  0.99988563259098195     
   4728.0541009999997       0.43193500000000001        2.1179000000000000E-002  0.99988244012569716     
   4728.1253530000004       0.63688900000000004        2.5231000000000000E-002  0.99987911116630590     
   4728.1966060000004       0.63563999999999998        2.8617000000000000E-002  0.99987563775315458     
   4728.2678589999996       0.83947000000000005        3.1040999999999999E-002  0.99987201137766712     
   4728.3391119999997       0.75617299999999998        3.3436000000000000E-002  0.99986822292071431     
   4728.4103649999997       0.87518399999999996        3.4382999999999997E-002  0.99986426257310523     
   4728.4816170000004       0.83633800000000003        3.4924999999999998E-002  0.99986011974202305     
   4728.5528700000004       0.92990899999999999        3.5499000000000003E-002  0.99985578295745925     
   4728.6241229999996       0.87545700000000004        3.6117000000000003E-002  0.99985123988237168     
   4728.6953759999997       0.96199400000000002        3.6061000000000003E-002  0.99984647721399245     
   4728.7666289999997       0.94111199999999995        3.6602000000000003E-002  0.99984148055921751     
   4728.8378810000004       0.93302399999999996        3.7484000000000003E-002  0.99983623428752200     
   4728.9091340000004       0.90800499999999995        3.7429999999999998E-002  0.99983072137913576     
   4728.9803869999996       0.97066799999999998        3.6941000000000002E-002  0.99982492340020546     
   4729.0516399999997       0.87870499999999996        3.6806999999999999E-002  0.99981882033522007     
   4729.1228929999997       0.92632499999999995        3.6956000000000003E-002  0.99981239037961167     
   4729.1941450000004        1.0425279999999999        3.6814000000000000E-002  0.99980560969416288     
   4729.2653979999995        1.0163130000000000        3.6510000000000001E-002  0.99979845214311291     
   4729.3366509999996       0.99721000000000004        3.6857000000000001E-002  0.99979088919886316     
   4729.4079039999997        1.0408970000000000        3.7330000000000002E-002  0.99978288967598261     
   4729.4791560000003       0.99231800000000003        3.6949999999999997E-002  0.99977441922313903     
   4729.5504090000004        1.0006679999999999        3.6903999999999999E-002  0.99976543993100375     
   4729.6216619999996        1.0786490000000000        3.7300000000000000E-002  0.99975591009970910     
   4729.6929149999996       0.93643100000000001        3.7905000000000001E-002  0.99974578373256051     
   4729.7641679999997       0.96792400000000001        4.0743000000000001E-002  0.99973500992318232     
   4729.8354200000003       0.96996800000000005        4.0237000000000002E-002  0.99972353212784759     
   4729.9066730000004       0.93618599999999996        3.7928000000000003E-002  0.99971128735010817     
   4729.9779259999996       0.87758400000000003        3.7232000000000001E-002  0.99969820552009936     
   4730.0491789999996       0.97094800000000003        3.6812999999999999E-002  0.99968420846312245     
   4730.1204319999997       0.84669300000000003        3.6620000000000000E-002  0.99966920865158582     
   4730.1916840000004       0.96053200000000005        3.6325999999999997E-002  0.99965310770843885     
   4730.2629370000004       0.92226900000000001        3.5949000000000002E-002  0.99963579468182306     
   4730.3341899999996       0.87727900000000003        3.5796000000000001E-002  0.99961714446897243     
   4730.4054429999997       0.94146099999999999        3.6707999999999998E-002  0.99959701551111713     
   4730.4766959999997       0.85736800000000002        3.8261999999999997E-002  0.99957524698509737     
   4730.5479480000004       0.90209399999999995        3.6623000000000003E-002  0.99955165538557877     
   4730.6192010000004       0.77988800000000003        3.4896999999999997E-002  0.99952603046338417     
   4730.6904539999996       0.90245699999999995        3.4944999999999997E-002  0.99949813105046570     
   4730.7617069999997       0.81453200000000003        3.4692000000000001E-002  0.99946767943536363     
   4730.8329590000003       0.87443199999999999        3.4208000000000002E-002  0.99943435368967992     
   4730.9042120000004       0.76180800000000004        3.4353000000000002E-002  0.99939777893321380     
   4730.9754650000004       0.85512800000000000        3.4452000000000003E-002  0.99935751743217205     
   4731.0467179999996       0.81118000000000001        3.4106999999999998E-002  0.99931305530338488     
   4731.1179709999997       0.70057199999999997        3.4084000000000003E-002  0.99926378570142493     
   4731.1892230000003       0.67850500000000002        3.4236000000000003E-002  0.99920898740905739     
   4731.2604760000004       0.61330499999999999        3.3392999999999999E-002  0.99914779764670580     
   4731.3317290000005       0.44332899999999997        3.1701000000000000E-002  0.99907917876701902     
   4731.4029819999996       0.37277100000000002        2.9526000000000000E-002  0.99900187348572089     
   4731.4742349999997       0.36505900000000002        2.7838000000000002E-002  0.99891434590708106     
   4731.5454870000003       0.41832100000000000        2.6766000000000002E-002  0.99881470292217567     
   4731.6167400000004       0.41949199999999998        2.6166999999999999E-002  0.99870058876520884     
   4731.6879929999996       0.29850100000000002        2.5950000000000001E-002  0.99856904482163866     
   4731.7592459999996       0.29234700000000002        2.5405000000000000E-002  0.99841631357287819     
   4731.8304980000003       0.37352600000000002        2.4629000000000002E-002  0.99823755903574074     
   4731.9017510000003       0.42773899999999998        2.4409000000000000E-002  0.99802647025600622     
   4731.9730040000004       0.42362699999999998        2.5347999999999999E-002  0.99777468806548331     
   4732.0442569999996       0.42038100000000000        2.6438000000000000E-002  0.99747094357845578     
   4732.1155099999996       0.50372200000000000        2.6620999999999999E-002  0.99709973685269071     
   4732.1867620000003       0.50961900000000004        2.7393000000000001E-002  0.99663924764909373     
   4732.2580150000003       0.59505600000000003        2.8653000000000001E-002  0.99605791800275723     
   4732.3292680000004       0.59746900000000003        2.9783000000000000E-002  0.99530864162476596     
   4732.4005209999996       0.65255399999999997        2.9987000000000000E-002  0.99431832907897966     
   4732.4717739999996       0.59800399999999998        3.0669999999999999E-002  0.99296796673558774     
   4732.5430260000003       0.59267999999999998        3.0565999999999999E-002  0.99105055557953436     
   4732.6142790000004       0.66698700000000000        3.0013000000000001E-002  0.98813626699312251     
   4732.6855320000004       0.73927399999999999        2.9994000000000000E-002  0.98231216507304875     
   4732.7567849999996       0.73572800000000005        3.0502000000000001E-002  0.95868757839095819     
   4732.8280379999997       0.64147799999999999        3.1336000000000003E-002  0.85149099141879048     
   4732.8992900000003       0.38023800000000002        3.1454999999999997E-002  0.57660849291377803     
   4732.9705430000004       0.11358699999999999        2.9212999999999999E-002  0.24070642962967678     
   4733.0417960000004        2.6068999999999998E-002   2.4771000000000001E-002   5.2699811775476793E-002
   4733.1130489999996       -2.9635000000000002E-002   1.9931999999999998E-002   5.8371259935140725E-003
   4733.1843010000002       -3.8975000000000003E-002   1.6733000000000001E-002   7.5409070069342365E-003
   4733.2555540000003        3.6558000000000000E-002   1.5101000000000000E-002   6.4480699275230910E-002
   4733.3268070000004       0.26782099999999998        1.5239000000000001E-002  0.27277440974834755     
   4733.3980600000004       0.49282199999999998        1.7349000000000000E-002  0.61396913637838368     
   4733.4693129999996       0.88385800000000003        2.2193000000000001E-002  0.87068869815842520     
   4733.5405650000002       0.85843499999999995        2.7734000000000002E-002  0.96351562730142293     
   4733.6118180000003       0.82955199999999996        3.1692999999999999E-002  0.98328825212077320     
   4733.6830710000004       0.81675600000000004        3.3799000000000003E-002  0.98852562267922650     
   4733.7543240000005       0.78488700000000000        3.3967999999999998E-002  0.99129251800483809     
   4733.8255769999996       0.63448300000000002        3.3605000000000003E-002  0.99313329419431351     
   4733.8968290000003       0.40505700000000000        3.2155000000000003E-002  0.99443628050001021     
   4733.9680820000003       0.37908199999999997        2.9416000000000001E-002  0.99539545325420364     
   4734.0393350000004       0.46332800000000002        2.6994000000000001E-002  0.99612333309234058     
   4734.1105879999996       0.33954000000000001        2.5840999999999999E-002  0.99668942233624036     
   4734.1818400000002       0.23841899999999999        2.5536000000000000E-002  0.99713872844275853     
   4734.2530930000003       0.26358300000000001        2.4858999999999999E-002  0.99750151910442908     
   4734.3243460000003       0.19521700000000000        2.3569000000000000E-002  0.99779878897268426     
   4734.3955990000004       0.10846200000000000        2.2121999999999999E-002  0.99804549193413628     
   4734.4668519999996        6.7434999999999995E-002   2.0428000000000002E-002  0.99825252533742348     
   4734.5381040000002        4.9509999999999998E-002   1.8865000000000000E-002  0.99842798926789722     
   4734.6093570000003        2.5914000000000000E-002   1.7448999999999999E-002  0.99857801006363101     
   4734.6806100000003        2.8142000000000000E-002   1.6261999999999999E-002  0.99870728983204804     
   4734.7518630000004        5.2066000000000001E-002   1.6029000000000002E-002  0.99881948780323260     
   4734.8231159999996        3.9654000000000002E-002   1.5715000000000000E-002  0.99891748767750677     
   4734.8943680000002        1.5603000000000001E-002   1.6081999999999999E-002  0.99900358785339283     
   4734.9656210000003        2.8649999999999998E-002   1.5716000000000001E-002  0.99907963905489305     
   4735.0368740000004       0.11996900000000001        1.5563000000000000E-002  0.99914714379182412     
   4735.1081270000004       0.15053800000000001        1.6601999999999999E-002  0.99920733250822813     
   4735.1793799999996       0.15896700000000000        1.7849000000000000E-002  0.99926122114791238     
   4735.2506320000002       0.20064799999999999        1.9501000000000001E-002  0.99930965486973788     
   4735.3218850000003       0.18893699999999999        2.0215000000000000E-002  0.99935334159345102     
   4735.3931380000004       0.27979199999999999        2.0659000000000000E-002  0.99939287701149693     
   4735.4643910000004       0.47322599999999998        2.1163000000000001E-002  0.99942876528435121     
   4735.5356430000002       0.42098700000000000        2.2738999999999999E-002  0.99946143620709271     
   4735.6068960000002       0.29189999999999999        2.4444000000000000E-002  0.99949125797913252     
   4735.6781490000003       0.28240399999999999        2.4372999999999999E-002  0.99951854685147290     
   4735.7494020000004       0.39083099999999998        2.3510000000000000E-002  0.99954357576628616     
   4735.8206550000004       0.59603200000000001        2.2974999999999999E-002  0.99956658144051880     
   4735.8919070000002       0.67356099999999997        2.4069000000000000E-002  0.99958777009392308     
   4735.9631600000002       0.71835099999999996        2.7004000000000000E-002  0.99960732209491288     
   4736.0344130000003       0.80754800000000004        2.9515000000000000E-002  0.99962539533064443     
   4736.1056660000004       0.82874099999999995        3.0561000000000001E-002  0.99964212852287582     
   4736.1769190000005       0.63579399999999997        3.2132000000000001E-002  0.99965764403630819     
   4736.2481710000002       0.51071299999999997        3.3893000000000000E-002  0.99967205019482597     
   4736.3194240000003       0.53904500000000000        3.1882000000000001E-002  0.99968544318626185     
   4736.3906770000003       0.68511500000000003        2.8039999999999999E-002  0.99969790832802763     
   4736.4619300000004       0.80087200000000003        2.7656000000000000E-002  0.99970952146270342     
   4736.5331820000001       0.85391300000000003        2.9569000000000002E-002  0.99972035040890983     
   4736.6044350000002       0.88052399999999997        3.1551999999999997E-002  0.99973045590319032     
   4736.6756880000003       0.86335600000000001        3.2745000000000003E-002  0.99973989219193227     
   4736.7469410000003       0.93559400000000004        3.3154999999999997E-002  0.99974870778609626     
   4736.8181940000004       0.94311299999999998        3.3145000000000001E-002  0.99975694494069223     
   4736.8894460000001       0.95388200000000001        3.3536000000000003E-002  0.99976462544362377     
   4736.9606990000002       0.93283600000000000        3.3896999999999997E-002  0.99977170005313787     
   4737.0319520000003       0.86274300000000004        3.3473000000000003E-002  0.99977809695709019     
   4737.1032050000003       0.73655999999999999        3.3137000000000000E-002  0.99978394647605506     
   4737.1744580000004       0.68509699999999996        3.2451000000000001E-002  0.99978937101499898     
   4737.2457100000001       0.82258900000000001        3.1288000000000003E-002  0.99979435088320356     
   4737.3169630000002       0.76553899999999997        3.0821999999999999E-002  0.99979905130912505     
   4737.3882160000003       0.71852300000000002        3.1092999999999999E-002  0.99980355402531818     
   4737.4594690000004       0.74422600000000005        3.1165999999999999E-002  0.99980776810133531     
   4737.5307220000004       0.80261600000000000        3.0814999999999999E-002  0.99981164538592759     
   4737.6019740000002       0.87453499999999995        3.0758000000000001E-002  0.99981518514118639     
   4737.6732270000002       0.83478100000000000        3.1361000000000000E-002  0.99981839321885391     
   4737.7444800000003       0.59933700000000001        3.1635000000000003E-002  0.99982127347239391     
   4737.8157330000004       0.55486899999999995        3.0780999999999999E-002  0.99982382707305018     
   4737.8869850000001       0.76229400000000003        2.8901000000000000E-002  0.99982605232424548     
   4737.9582380000002       0.86173400000000000        2.7890999999999999E-002  0.99982794429250266     
   4738.0294910000002       0.82736100000000001        2.9045000000000001E-002  0.99982949425399936     
   4738.1007440000003       0.72733599999999998        3.0561000000000001E-002  0.99983068900817018     
   4738.1719970000004       0.61438599999999999        3.1144000000000002E-002  0.99983150989717828     
   4738.2432490000001       0.66266300000000000        3.0245000000000001E-002  0.99983193137630022     
   4738.3145020000002       0.76020699999999997        2.9196000000000000E-002  0.99983191891754197     
   4738.3857550000002       0.59358800000000000        2.9505000000000000E-002  0.99983142588480467     
   4738.4570080000003       0.41752099999999998        2.9374000000000001E-002  0.99983038875603580     
   4738.5282610000004       0.23594200000000001        2.8242000000000000E-002  0.99982871948283414     
   4738.5995130000001       0.36042700000000000        2.5118000000000001E-002  0.99982629270804280     
   4738.6707660000002       0.53676699999999999        2.3654000000000001E-002  0.99982292292003216     
   4738.7420190000003       0.62064799999999998        2.4601999999999999E-002  0.99981831575345981     
   4738.8132720000003       0.54924799999999996        2.6662999999999999E-002  0.99981194337607060     
   4738.8845250000004       0.50102300000000000        2.7378000000000000E-002  0.99980282354702821     
   4738.9557770000001       0.43715500000000002        2.6953000000000001E-002  0.99978864813937285     
   4739.0270300000002       0.35975000000000001        2.6235000000000001E-002  0.99973251486428827     
   4739.0982830000003       0.36881599999999998        2.5581000000000000E-002  0.99877391959540507     
   4739.1695360000003       0.42862200000000000        2.5048999999999998E-002  0.98743092408495514     
   4739.2407880000001       0.43789699999999998        2.4628000000000001E-002  0.92548530918882643     
   4739.3120410000001       0.50338400000000005        2.4589000000000000E-002  0.78435975253227930     
   4739.3832940000002       0.41613000000000000        2.5172000000000000E-002  0.69658475967573996     
   4739.4545470000003       0.51196100000000000        2.5583999999999999E-002  0.79142509000556183     
   4739.5258000000003       0.69157999999999997        2.5534999999999999E-002  0.92382367708494217     
   4739.5970520000001       0.76459600000000005        2.6509999999999999E-002  0.93951754410870025     
   4739.6683050000001       0.73725799999999997        2.8385000000000001E-002  0.81277258582077949     
   4739.7395580000002       0.57862999999999998        2.9840999999999999E-002  0.62553270075092271     
   4739.8108110000003       0.59338900000000006        2.9784999999999999E-002  0.59389197276126082     
   4739.8820640000004       0.76260700000000003        2.8561000000000000E-002  0.76169156860095921     
   4739.9533160000001       0.77647600000000006        2.8225000000000000E-002  0.92516226232453735     
   4740.0245690000002       0.79396800000000001        2.9380000000000000E-002  0.98736220582381029     
   4740.0958220000002       0.74631800000000004        3.0447999999999999E-002  0.99846443811955954     
   4740.1670750000003       0.57616800000000001        3.0679000000000001E-002  0.99941258291763246     
   4740.2383270000000       0.37440299999999999        2.9765000000000000E-002  0.99940695594409690     
   4740.3095800000001       0.26217000000000001        2.7512000000000002E-002  0.99933190588558540     
   4740.3808330000002       0.13911599999999999        2.4546999999999999E-002  0.99922345412581859     
   4740.4520860000002        8.8558999999999999E-002   2.1575000000000000E-002  0.99907132667347520     
   4740.5233390000003        5.6963000000000000E-002   1.9220000000000001E-002  0.99885406172791436     
   4740.5945910000000        3.0186000000000001E-002   1.7821000000000000E-002  0.99852935169937174     
   4740.6658440000001        6.4099999999999999E-003   1.6986000000000001E-002  0.99794543673530478     
   4740.7370970000002        7.3152999999999996E-002   1.5369000000000001E-002  0.99540462027379217     
   4740.8083500000002        4.2431000000000003E-002   1.5176000000000000E-002  0.97479553141797670     
   4740.8796030000003        7.4871999999999994E-002   1.5332000000000000E-002  0.86729144761956833     
   4740.9508550000000        6.2932000000000002E-002   1.5830000000000000E-002  0.58970574705871692     
   4741.0221080000001       -1.6473999999999999E-002   1.6320999999999999E-002  0.25021328087711570     
   4741.0933610000002       -7.1580000000000003E-003   1.5513000000000001E-002   5.8193139605044193E-002
   4741.1646140000003        7.0236999999999994E-002   1.4818000000000000E-002   2.6005522650564255E-002
   4741.2358670000003       0.13844100000000001        1.4666999999999999E-002  0.12614879765142650     
   4741.3071190000001       0.32634600000000002        1.5507000000000000E-002  0.40473907789714980     
   4741.3783720000001       0.66017300000000001        1.7302000000000001E-002  0.74353073119970647     
   4741.4496250000002       0.86206499999999997        2.0677999999999998E-002  0.93665453323185699     
   4741.5208780000003       0.80407600000000001        2.5575000000000001E-002  0.98948422356601839     
   4741.5921300000000       0.77181299999999997        2.9127000000000000E-002  0.99661014694323136     
   4741.6633830000001       0.71159799999999995        3.0245999999999999E-002  0.99387697495814775     
   4741.7346360000001       0.71251699999999996        3.0231999999999998E-002  0.97805575983249360     
   4741.8058890000002       0.69640299999999999        2.9949000000000000E-002  0.93748527943386273     
   4741.8771420000003       0.60825700000000005        2.9451999999999999E-002  0.88215861382654248     
   4741.9483940000000       0.59960000000000002        2.8850000000000001E-002  0.85610900915795918     
   4742.0196470000001       0.61566799999999999        2.8434999999999998E-002   1.0000000000000000     
   4742.0909000000001       0.66487399999999997        2.7643000000000001E-002   1.0000000000000000     
   4742.1621530000002       0.74611499999999997        2.7161999999999999E-002   1.0000000000000000     
   4742.2334060000003       0.85007900000000003        2.7761000000000001E-002   1.0000000000000000     
   4742.3046580000000       0.79325400000000001        2.8478000000000000E-002   1.0000000000000000     
   4742.3759110000001       0.77000999999999997        2.9610999999999998E-002   1.0000000000000000     
   4742.4471640000002       0.84014699999999998        3.0747000000000000E-002   1.0000000000000000     
   4742.5184170000002       0.77598800000000001        3.1960000000000002E-002   1.0000000000000000     
   4742.5896690000000       0.81906100000000004        3.0558999999999999E-002   1.0000000000000000     
   4742.6609220000000       0.76131000000000004        2.9876000000000000E-002   1.0000000000000000     
   4742.7321750000001       0.76382399999999995        2.9939000000000000E-002   1.0000000000000000     
   4742.8034280000002       0.68501199999999995        3.0273000000000001E-002   1.0000000000000000     
   4742.8746810000002       0.62216000000000005        3.0030000000000001E-002   1.0000000000000000     
   4742.9459330000000       0.73717800000000000        2.8875999999999999E-002   1.0000000000000000     
   4743.0171860000000       0.81141399999999997        2.8570000000000002E-002   1.0000000000000000     
   4743.0884390000001       0.84491200000000000        2.9586999999999999E-002   1.0000000000000000     
   4743.1596920000002       0.78088599999999997        3.0342000000000001E-002   1.0000000000000000     
   4743.2309450000002       0.71206100000000006        3.0509999999999999E-002   1.0000000000000000     
   4743.3021970000000       0.67541300000000004        2.9991000000000000E-002   1.0000000000000000     
   4743.3734500000000       0.62260199999999999        2.9222999999999999E-002   1.0000000000000000     
   4743.4447030000001       0.59137200000000001        2.8250000000000001E-002   1.0000000000000000     
   4743.5159560000002       0.59994999999999998        2.7886999999999999E-002   1.0000000000000000     
   4743.5872090000003       0.44551400000000002        2.7466999999999998E-002   1.0000000000000000     
   4743.6584610000000       0.32669399999999998        2.6560000000000000E-002   1.0000000000000000     
   4743.7297140000001       0.30837900000000001        2.5201000000000001E-002   1.0000000000000000     
   4743.8009670000001       0.33977499999999999        2.3106000000000002E-002   1.0000000000000000     
   4743.8722200000002       0.29280600000000001        2.2117999999999999E-002   1.0000000000000000     
   4743.9434719999999       0.16230100000000000        2.1704000000000001E-002   1.0000000000000000     
   4744.0147250000000       0.16163700000000000        2.0757999999999999E-002   1.0000000000000000     
   4744.0859780000001        9.7767999999999994E-002   1.9348000000000001E-002   1.0000000000000000     
   4744.1572310000001       -2.8514999999999999E-002   1.8023999999999998E-002   1.0000000000000000     
   4744.2284840000002       -4.6330000000000000E-003   1.6729000000000001E-002   1.0000000000000000     
   4744.2997359999999       -1.8530000000000000E-003   1.5584000000000001E-002   1.0000000000000000     
   4744.3709890000000        2.3236000000000000E-002   1.4841999999999999E-002   1.0000000000000000     
   4744.4422420000001        1.4022000000000000E-002   1.4546999999999999E-002   1.0000000000000000     
   4744.5134950000001        2.2865000000000000E-002   1.4453000000000001E-002   1.0000000000000000     
   4744.5847480000002       -5.5820000000000002E-003   1.4329000000000000E-002   1.0000000000000000     
   4744.6559999999999        6.0920000000000002E-003   1.4175000000000000E-002   1.0000000000000000     
   4744.7272530000000        2.8100000000000000E-003   1.3440000000000001E-002   1.0000000000000000     
   4744.7985060000001        5.6480000000000002E-003   1.3230000000000000E-002   1.0000000000000000     
   4744.8697590000002        3.2306000000000001E-002   1.3693000000000000E-002   1.0000000000000000     
   4744.9410109999999        1.5377000000000000E-002   1.3716000000000001E-002   1.0000000000000000     
   4745.0122640000000       -6.5950000000000002E-003   1.4248000000000000E-002   1.0000000000000000     
   4745.0835170000000       -4.5628000000000002E-002   1.4314000000000000E-002   1.0000000000000000     
   4745.1547700000001        5.2909999999999997E-003   1.3729000000000000E-002   1.0000000000000000     
   4745.2260230000002        4.9117000000000001E-002   1.3795999999999999E-002   1.0000000000000000     
   4745.2972749999999       0.27740100000000001        1.3788999999999999E-002   1.0000000000000000     
   4745.3685280000000       0.41896200000000000        1.4917000000000000E-002   1.0000000000000000     
   4745.4397810000000       0.52317400000000003        1.8376000000000000E-002   1.0000000000000000     
   4745.5110340000001       0.68636699999999995        2.2051000000000001E-002   1.0000000000000000     
#!  ---- tick mark positions for above ----
#!      4733.14476     2    23
