#! -------------------------
   4564.6298280000001       0.96464000000000005        0.0000000000000000        1.0000000000000000     
   4564.6983380000001       0.97404199999999996        0.0000000000000000        1.0000000000000000     
   4564.7668480000002        1.0383880000000001        0.0000000000000000        1.0000000000000000     
   4564.8353580000003        1.0357499999999999        0.0000000000000000        1.0000000000000000     
   4564.9038680000003       0.99262300000000003        0.0000000000000000        1.0000000000000000     
   4564.9723780000004       0.97548199999999996        0.0000000000000000        1.0000000000000000     
   4565.0408880000005        1.0259030000000000        0.0000000000000000        1.0000000000000000     
   4565.1093989999999       0.91239000000000003        0.0000000000000000        1.0000000000000000     
   4565.1779090000000       0.85139600000000004        0.0000000000000000        1.0000000000000000     
   4565.2464190000001       0.95429399999999998        0.0000000000000000        1.0000000000000000     
   4565.3149290000001       0.92482200000000003        0.0000000000000000        1.0000000000000000     
   4565.3834390000002       0.88468800000000003        0.0000000000000000        1.0000000000000000     
   4565.4519490000002       0.87418600000000002        0.0000000000000000        1.0000000000000000     
   4565.5204590000003       0.83420399999999995        0.0000000000000000        1.0000000000000000     
   4565.5889690000004       0.86604400000000004        0.0000000000000000        1.0000000000000000     
   4565.6574790000004       0.88403699999999996        0.0000000000000000        1.0000000000000000     
   4565.7259889999996       0.89425500000000002        0.0000000000000000        1.0000000000000000     
   4565.7944989999996        1.0454470000000000        0.0000000000000000        1.0000000000000000     
   4565.8630089999997        1.0784689999999999        0.0000000000000000        1.0000000000000000     
   4565.9315189999998       0.97927200000000003        0.0000000000000000        1.0000000000000000     
   4566.0000289999998       0.90581199999999995        0.0000000000000000        1.0000000000000000     
   4566.0685389999999       0.95344499999999999        0.0000000000000000        1.0000000000000000     
   4566.1370489999999        1.0750919999999999        0.0000000000000000        1.0000000000000000     
   4566.2055590000000        1.0283320000000000        0.0000000000000000        1.0000000000000000     
   4566.2740690000001       0.95087200000000005        0.0000000000000000        1.0000000000000000     
   4566.3425790000001       0.89390199999999997        0.0000000000000000        1.0000000000000000     
   4566.4110890000002       0.73214400000000002        0.0000000000000000        1.0000000000000000     
   4566.4795990000002       0.60094499999999995        0.0000000000000000        1.0000000000000000     
   4566.5481090000003       0.49037399999999998        0.0000000000000000        1.0000000000000000     
   4566.6166190000004       0.33964899999999998        0.0000000000000000        1.0000000000000000     
   4566.6851290000004       0.23436999999999999        0.0000000000000000        1.0000000000000000     
   4566.7536389999996       0.30364799999999997        0.0000000000000000        1.0000000000000000     
   4566.8221489999996       0.45239000000000001        0.0000000000000000        1.0000000000000000     
   4566.8906589999997       0.50660200000000000        0.0000000000000000        1.0000000000000000     
   4566.9591689999997       0.36232999999999999        0.0000000000000000        1.0000000000000000     
   4567.0276789999998       0.14559700000000000        0.0000000000000000        1.0000000000000000     
   4567.0961889999999        4.5516000000000001E-002   0.0000000000000000        1.0000000000000000     
   4567.1646989999999        1.3194000000000001E-002   0.0000000000000000        1.0000000000000000     
   4567.2332090000000        9.7149999999999997E-003   0.0000000000000000        1.0000000000000000     
   4567.3017190000000        7.9108999999999999E-002   0.0000000000000000        1.0000000000000000     
   4567.3702290000001        1.9750000000000000E-002   0.0000000000000000        1.0000000000000000     
   4567.4387390000002        4.5529999999999998E-003   0.0000000000000000        1.0000000000000000     
   4567.5072490000002        4.2144000000000001E-002   0.0000000000000000        1.0000000000000000     
   4567.5757590000003        1.7618999999999999E-002   0.0000000000000000        1.0000000000000000     
   4567.6442690000003        1.4657000000000000E-002   0.0000000000000000        1.0000000000000000     
   4567.7127799999998        2.8371000000000000E-002   0.0000000000000000        1.0000000000000000     
   4567.7812899999999        1.5435000000000001E-002   0.0000000000000000        1.0000000000000000     
   4567.8498000000000       -3.5899999999999999E-003   0.0000000000000000        1.0000000000000000     
   4567.9183100000000        2.6248000000000000E-002   0.0000000000000000        1.0000000000000000     
   4567.9868200000001        5.0194000000000003E-002   0.0000000000000000        1.0000000000000000     
   4568.0553300000001        4.5938000000000000E-002   0.0000000000000000       0.99991809211569327     
   4568.1238400000002        3.7069999999999999E-002   0.0000000000000000       0.99991720076142299     
   4568.1923500000003        5.1145999999999997E-002   0.0000000000000000       0.99991633524547086     
   4568.2608600000003        2.2241000000000000E-002   0.0000000000000000       0.99991546025028200     
   4568.3293700000004       -2.9003999999999999E-002   0.0000000000000000       0.99991457163109587     
   4568.3978800000004       -2.1576000000000001E-002   0.0000000000000000       0.99991366893279332     
   4568.4663899999996        4.7670000000000004E-003   0.0000000000000000       0.99991275185316109     
   4568.5348999999997        4.1126000000000003E-002   0.0000000000000000       0.99991182008469071     
   4568.6034099999997        6.9090000000000002E-003   0.0000000000000000       0.99991087331161432     
   4568.6719199999998       -2.3958000000000000E-002   0.0000000000000000       0.99990991120962203     
   4568.7404299999998        5.4986000000000000E-002   0.0000000000000000       0.99990893344558152     
   4568.8089399999999        3.6067000000000002E-002   0.0000000000000000       0.99990793967724589     
   4568.8774500000000       -9.4090000000000007E-003   0.0000000000000000       0.99990692955295513     
   4568.9459600000000        1.0119000000000000E-002   0.0000000000000000       0.99990590271132118     
   4569.0144700000001        2.5593000000000001E-002   0.0000000000000000       0.99990485878090440     
   4569.0829800000001        2.4353000000000000E-002   0.0000000000000000       0.99990379737987378     
   4569.1514900000002        2.1599999999999999E-004   0.0000000000000000       0.99990271811565679     
   4569.2200000000003        1.1280000000000000E-002   0.0000000000000000       0.99990162058457432     
   4569.2885100000003        6.8815000000000001E-002   0.0000000000000000       0.99990050437145883     
   4569.3570200000004        8.2797999999999997E-002   0.0000000000000000       0.99989936904926113     
   4569.4255300000004        2.4608999999999999E-002   0.0000000000000000       0.99989821417864000     
   4569.4940399999996        8.1994999999999998E-002   0.0000000000000000       0.99989703930753149     
   4569.5625499999996        9.6620999999999999E-002   0.0000000000000000       0.99989584397070463     
   4569.6310599999997       0.10864799999999999        0.0000000000000000       0.99989462768929827     
   4569.6995699999998       0.11429100000000000        0.0000000000000000       0.99989338997033839     
   4569.7680799999998        6.6880999999999996E-002   0.0000000000000000       0.99989213030623358     
   4569.8365899999999        5.8233000000000000E-002   0.0000000000000000       0.99989084817425267     
   4569.9050999999999        4.1800999999999998E-002   0.0000000000000000       0.99988954303597755     
   4569.9736100000000        7.1363999999999997E-002   0.0000000000000000       0.99988821433674679     
   4570.0421200000001       0.15693099999999999        0.0000000000000000       0.99988686150522565     
   4570.1106300000001       0.36783700000000003        0.0000000000000000       0.99988548395319288     
   4570.1791400000002       0.54570900000000000        0.0000000000000000       0.99988408107328353     
   4570.2476500000002       0.62574799999999997        0.0000000000000000       0.99988265223044637     
   4570.3161609999997       0.75855700000000004        0.0000000000000000       0.99988119677903009     
   4570.3846709999998       0.80059899999999995        0.0000000000000000       0.99987971407027176     
   4570.4531809999999       0.78298699999999999        0.0000000000000000       0.99987820341798250     
   4570.5216909999999       0.74568900000000005        0.0000000000000000       0.99987666410441545     
   4570.5902010000000       0.76697000000000004        0.0000000000000000       0.99987509539807595     
   4570.6587110000000       0.73486899999999999        0.0000000000000000       0.99987349653089952     
   4570.7272210000001       0.67685200000000001        0.0000000000000000       0.99987186612093271     
   4570.7957310000002       0.61204700000000001        0.0000000000000000       0.99987019336035377     
   4570.8642410000002       0.72812399999999999        0.0000000000000000       0.99986841538353388     
   4570.9327510000003       0.74286399999999997        0.0000000000000000       0.99986642092370781     
   4571.0012610000003       0.88837500000000003        0.0000000000000000       0.99986429124942011     
   4571.0697710000004       0.88156699999999999        0.0000000000000000       0.99986227112153547     
   4571.1382809999996       0.95760699999999999        0.0000000000000000       0.99986037356138513     
   4571.2067909999996       0.98925200000000002        0.0000000000000000       0.99985848734824545     
   4571.2753009999997        1.0029500000000000        0.0000000000000000       0.99985656847371074     
   4571.3438109999997        1.0900900000000000        0.0000000000000000       0.99985461050360147     
   4571.4123209999998        1.0701799999999999        0.0000000000000000       0.99985261209380027     
   4571.4808309999999        1.0093930000000000        0.0000000000000000       0.99985057211460804     
   4571.5493409999999        1.0440840000000000        0.0000000000000000       0.99984848940165005     
   4571.6178510000000       0.99822100000000002        0.0000000000000000       0.99984636274940908     
   4571.6863610000000       0.93218199999999996        0.0000000000000000       0.99984419090942334     
   4571.7548710000001        1.0317419999999999        0.0000000000000000       0.99984197258843266     
   4571.8233810000002       0.96398600000000001        0.0000000000000000       0.99983970644643028     
   4571.8918910000002        1.0106610000000000        0.0000000000000000       0.99983739109461012     
   4571.9604010000003       0.95156200000000002        0.0000000000000000       0.99983502509321431     
   4572.0289110000003       0.86728499999999997        0.0000000000000000       0.99983260694926490     
   4572.0974210000004       0.74236899999999995        0.0000000000000000       0.99983013511417629     
   4572.1659309999995       0.80252999999999997        0.0000000000000000       0.99982760798124448     
   4572.2344409999996       0.95535999999999999        0.0000000000000000       0.99982502388299721     
   4572.3029509999997       0.94408899999999996        0.0000000000000000       0.99982238108840782     
   4572.3714609999997       0.97202100000000002        0.0000000000000000       0.99981967779995307     
   4572.4399709999998       0.95891499999999996        0.0000000000000000       0.99981691215051238     
   4572.5084809999998        1.0065440000000001        0.0000000000000000       0.99981408220008083     
   4572.5769909999999        1.0691560000000000        0.0000000000000000       0.99981118592957918     
   4572.6455010000000        1.0332710000000001        0.0000000000000000       0.99980822107699963     
   4572.7140110000000        1.0184789999999999        0.0000000000000000       0.99980518155528431     
   4572.7825210000001       0.97192400000000001        0.0000000000000000       0.99980202968432663     
   4572.8510310000001       0.99965199999999999        0.0000000000000000       0.99979865532321099     
   4572.9195419999996       0.96867000000000003        0.0000000000000000       0.99979503459448349     
   4572.9880519999997       0.96360299999999999        0.0000000000000000       0.99979139695743602     
   4573.0565619999998       0.89194600000000002        0.0000000000000000       0.99978786148226095     
   4573.1250719999998       0.86319999999999997        0.0000000000000000       0.99978432554840191     
   4573.1935819999999       0.89275599999999999        0.0000000000000000       0.99978071457705908     
   4573.2620919999999       0.98860199999999998        0.0000000000000000       0.99977700490457222     
   4573.3306020000000        1.0242260000000001        0.0000000000000000       0.99977314002432938     
   4573.3991120000001       0.93446099999999999        0.0000000000000000       0.99976900292647830     
   4573.4676220000001        1.0481680000000000        0.0000000000000000       0.99976463459167897     
   4573.5361320000002       0.99729100000000004        0.0000000000000000       0.99976028020587959     
   4573.6046420000002       0.97904899999999995        0.0000000000000000       0.99975598583949699     
   4573.6731520000003       0.91804100000000000        0.0000000000000000       0.99975163751636764     
   4573.7416620000004       0.99331599999999998        0.0000000000000000       0.99974717954234982     
   4573.8101720000004        1.0086459999999999        0.0000000000000000       0.99974260026054917     
   4573.8786819999996        1.0317680000000000        0.0000000000000000       0.99973789477667441     
   4573.9471919999996        1.0214850000000000        0.0000000000000000       0.99973305837376514     
   4574.0157019999997       0.89140799999999998        0.0000000000000000       0.99972808612021091     
   4574.0842119999998       0.90964900000000004        0.0000000000000000       0.99972297284699363     
   4574.1527219999998       0.82673700000000006        0.0000000000000000       0.99971771303160428     
   4574.2212319999999       0.61326000000000003        0.0000000000000000       0.99971229821181140     
   4574.2897419999999       0.50591699999999995        0.0000000000000000       0.99970669397236045     
   4574.3582520000000       0.53849000000000002        0.0000000000000000       0.99970079304514181     
   4574.4267620000001       0.73895000000000000        0.0000000000000000       0.99969453914156803     
   4574.4952720000001       0.71023199999999997        0.0000000000000000       0.99968813659286537     
   4574.5637820000002       0.56591899999999995        0.0000000000000000       0.99968173473792743     
   4574.6322920000002       0.32598500000000002        0.0000000000000000       0.99967523956910143     
   4574.7008020000003       0.19504700000000000        0.0000000000000000       0.99966856195045406     
   4574.7693120000004       0.21294700000000000        0.0000000000000000       0.99966167615348633     
   4574.8378220000004       0.19670799999999999        0.0000000000000000       0.99965457191533602     
   4574.9063319999996       0.14020900000000000        0.0000000000000000       0.99964723977614001     
   4574.9748419999996       0.10043700000000000        0.0000000000000000       0.99963966979771113     
   4575.0433519999997        7.0341000000000001E-002   0.0000000000000000       0.99963185148953870     
   4575.1118619999997        5.3915999999999999E-002   0.0000000000000000       0.99962377377059419     
   4575.1803719999998        3.7139999999999999E-002   0.0000000000000000       0.99961542492861744     
   4575.2488819999999        4.8293000000000003E-002   0.0000000000000000       0.99960679257702523     
   4575.3173919999999        3.4238999999999999E-002   0.0000000000000000       0.99959786360976699     
   4575.3859020000000        6.1220999999999998E-002   0.0000000000000000       0.99958862413874849     
   4575.4544120000000       0.11174300000000000        0.0000000000000000       0.99957905938410041     
   4575.5229230000004       0.14626200000000000        0.0000000000000000       0.99956915373081756     
   4575.5914329999996       0.15288599999999999        0.0000000000000000       0.99955889072253312     
   4575.6599429999997       0.15756000000000001        0.0000000000000000       0.99954825276089965     
   4575.7284529999997       0.14550299999999999        0.0000000000000000       0.99953722106658394     
   4575.7969629999998        8.0934000000000006E-002   0.0000000000000000       0.99952577572338674     
   4575.8654729999998       0.10421800000000001        0.0000000000000000       0.99951389552967074     
   4575.9339829999999        4.8711999999999998E-002   0.0000000000000000       0.99950155788222461     
   4576.0024930000000        1.4079000000000000E-002   0.0000000000000000       0.99948873866510157     
   4576.0710030000000        1.2579000000000000E-002   0.0000000000000000       0.99947541212558155     
   4576.1395130000001       -1.4206999999999999E-002   0.0000000000000000       0.99946155073643417     
   4576.2080230000001       -2.0983000000000002E-002   0.0000000000000000       0.99944712504399336     
   4576.2765330000002        9.9039999999999996E-003   0.0000000000000000       0.99943210350042899     
   4576.3450430000003        6.7357000000000000E-002   0.0000000000000000       0.99941645227825360     
   4576.4135530000003        3.8396000000000000E-002   0.0000000000000000       0.99940013506479553     
   4576.4820630000004        1.4409000000000000E-002   0.0000000000000000       0.99938311283405612     
   4576.5505730000004        6.5755999999999995E-002   0.0000000000000000       0.99936534359293316     
   4576.6190829999996        6.1991999999999998E-002   0.0000000000000000       0.99934678209834760     
   4576.6875929999997        5.9214999999999997E-002   0.0000000000000000       0.99932737954123085     
   4576.7561029999997        7.9091999999999996E-002   0.0000000000000000       0.99930708319266381     
   4576.8246129999998       0.14324700000000001        0.0000000000000000       0.99928583600664356     
   4576.8931229999998       0.23852100000000001        0.0000000000000000       0.99926357617300843     
   4576.9616329999999       0.29220900000000000        0.0000000000000000       0.99924023661285433     
   4577.0301430000000       0.31852100000000000        0.0000000000000000       0.99921574440736427     
   4577.0986530000000       0.25804899999999997        0.0000000000000000       0.99919002014923597     
   4577.1671630000001       0.23080100000000001        0.0000000000000000       0.99916297720373293     
   4577.2356730000001       0.31555200000000000        0.0000000000000000       0.99913452086370869     
   4577.3041830000002       0.34249800000000002        0.0000000000000000       0.99910454737458276     
   4577.3726930000003       0.34291700000000003        0.0000000000000000       0.99907294254723966     
   4577.4412030000003       0.22037000000000001        0.0000000000000000       0.99903957504301077     
   4577.5097130000004       0.18066900000000000        0.0000000000000000       0.99900425633589085     
   4577.5782230000004       0.16567599999999999        0.0000000000000000       0.99896667085085922     
   4577.6467329999996       0.26011499999999999        0.0000000000000000       0.99892578033965551     
   4577.7152429999996       0.48822700000000002        0.0000000000000000       0.99885585650246844     
   4577.7837529999997       0.69280900000000001        0.0000000000000000       0.99829607230381323     
   4577.8522629999998       0.82830499999999996        0.0000000000000000       0.99286230449720247     
   4577.9207729999998       0.90374500000000002        0.0000000000000000       0.96191946669911310     
   4577.9892829999999       0.93357999999999997        0.0000000000000000       0.86714959315476681     
   4578.0577929999999       0.79639000000000004        0.0000000000000000       0.72343840200594323     
   4578.1263040000003       0.71033400000000002        0.0000000000000000       0.65551091710503862     
   4578.1948140000004       0.66766099999999995        0.0000000000000000       0.74197828017562917     
   4578.2633239999996       0.72813399999999995        0.0000000000000000       0.88434698464799510     
   4578.3318339999996       0.89914700000000003        0.0000000000000000       0.96871307091024184     
   4578.4003439999997       0.85617799999999999        0.0000000000000000       0.99384680758077881     
   4578.4688539999997       0.78320400000000001        0.0000000000000000       0.99780228348493583     
   4578.5373639999998       0.84216599999999997        0.0000000000000000       0.99806004537525195     
   4578.6058739999999       0.86955199999999999        0.0000000000000000       0.99796899767601643     
   4578.6743839999999       0.78395700000000001        0.0000000000000000       0.99784952062020893     
   4578.7428940000000       0.68229399999999996        0.0000000000000000       0.99771598182396848     
   4578.8114040000000       0.65818699999999997        0.0000000000000000       0.99756629779820194     
   4578.8799140000001       0.58257499999999995        0.0000000000000000       0.99739704065700241     
   4578.9484240000002       0.56396400000000002        0.0000000000000000       0.99720327281225474     
   4579.0169340000002       0.53011500000000000        0.0000000000000000       0.99697775406132949     
   4579.0854440000003       0.47461199999999998        0.0000000000000000       0.99670934874302919     
   4579.1539540000003       0.37829200000000002        0.0000000000000000       0.99637968985999514     
   4579.2224640000004       0.33041599999999999        0.0000000000000000       0.99595538969099418     
   4579.2909739999996       0.32860099999999998        0.0000000000000000       0.99536070102910545     
   4579.3594839999996       0.27164500000000003        0.0000000000000000       0.99415086351895554     
   4579.4279939999997       0.31126599999999999        0.0000000000000000       0.99685308550044337     
   4579.4965039999997       0.27466600000000002        0.0000000000000000       0.99475548587878043     
   4579.5650139999998       0.22217999999999999        0.0000000000000000       0.9944979472732131     
   4579.6335239999999       0.26977000000000001        0.0000000000000000       0.99497676650599402     
   4579.7020339999999       0.15156000000000000        0.0000000000000000       0.9925660724074072361     
   4579.7705440000000        6.8182999999999994E-002   0.0000000000000000       0.9944866445432670765     
   4579.8390540000000       0.18132499999999999        0.0000000000000000       0.9973248051175907758     
   4579.9075640000001       0.32756200000000002        0.0000000000000000       0.9975182021985749625     
   4579.9760740000002       0.61103499999999999        0.0000000000000000       0.9947660275182122797     
   4580.0445840000002       0.31468099999999999        0.0000000000000000       0.9918872768702349454     
   4580.1130940000003       0.13756699999999999        0.0000000000000000       0.9915119752485246118     
   4580.1816040000003       0.12120200000000000        0.0000000000000000       0.99574519636124206     
   4580.2501140000004       0.22882600000000000        0.0000000000000000       0.993058569148985153     
   4580.3186240000005       0.43857000000000002        0.0000000000000000       0.99408425019347795     
   4580.3871339999996       0.69094800000000001        0.0000000000000000       0.99588077341042756     
   4580.4556439999997       0.80369999999999997        0.0000000000000000       0.99165876824521936     
   4580.5241539999997       0.57390699999999994        0.0000000000000000       0.99030051194689738     
   4580.5926639999998       0.55471899999999996        0.0000000000000000       0.99754682992303676     
   4580.6611739999998       0.44069799999999998        0.0000000000000000       0.99363305699811631     
   4580.7296850000002       0.44968599999999997        0.0000000000000000       0.99819670656837709     
   4580.7981950000003       0.35207800000000000        0.0000000000000000       0.99052732126083673     
   4580.8667050000004       0.30991400000000002        0.0000000000000000       0.99930295593677239     
   4580.9352150000004       0.25205699999999998        0.0000000000000000       0.99164921246614374     
   4581.0037249999996       0.27101599999999998        0.0000000000000000       0.99777740864255895     
   4581.0722349999996       0.25334699999999999        0.0000000000000000       0.9970423035874539     
   4581.1407449999997       0.24689600000000000        0.0000000000000000       0.99854612501505278     
   4581.2092549999998       0.16017600000000001        0.0000000000000000       0.99733234903792810     
   4581.2777649999998        8.1044000000000005E-002   0.0000000000000000       0.99
   4581.3462749999999        2.9683999999999999E-002   0.0000000000000000       0.99
   4581.4147849999999       -3.8260000000000000E-003   0.0000000000000000       0.99
   4581.4832950000000        2.7480000000000000E-003   0.0000000000000000       0.99
   4581.5518050000001        1.2517000000000000E-002   0.0000000000000000       0.9912353123420105981     
   4581.6203150000001        5.2385000000000001E-002   0.0000000000000000       0.9934055801545875480     
   4581.6888250000002       0.20293300000000000        0.0000000000000000       0.9951846569788979147     
   4581.7573350000002       0.26089000000000001        0.0000000000000000       0.9953995161893495536     
   4581.8258450000003       0.42754199999999998        0.0000000000000000       0.9955616328564866180     
   4581.8943550000004       0.39733299999999999        0.0000000000000000       0.9966204205830448359     
   4581.9628650000004       0.29882999999999998        0.0000000000000000       0.9970579469155842256     
   4582.0313749999996       0.39631100000000002        0.0000000000000000       0.9955221048432057862     
   4582.0998849999996       0.47268100000000002        0.0000000000000000       0.9930724878471879957     
   4582.1683949999997       0.38294299999999998        0.0000000000000000       0.9918096915146619885     
   4582.2369049999998        9.0875999999999998E-002   0.0000000000000000       0.9927246043724425539     
   4582.3054149999998        7.4721999999999997E-002   0.0000000000000000       0.9953103972199215976     
   4582.3739249999999       0.19647500000000001        0.0000000000000000       0.9979216676616991377     
   4582.4424349999999       0.30000700000000002        0.0000000000000000       0.993376457956345627     
   4582.5109450000000       0.39752399999999999        0.0000000000000000       0.997685911538317183     
   4582.5794550000001       0.52437900000000004        0.0000000000000000       0.998302490981298618     
   4582.6479650000001       0.60690500000000003        0.0000000000000000       0.997633795950533797     
   4582.7164750000002       0.62258599999999997        0.0000000000000000       0.994366736611918911     
   4582.7849850000002       0.56432499999999997        0.0000000000000000       0.9983480482403757650     
   4582.8534950000003       0.60625099999999998        0.0000000000000000       0.9960206160076409887     
   4582.9220050000004       0.52117599999999997        0.0000000000000000       0.9930923432310529092     
   4582.9905150000004       0.26888800000000002        0.0000000000000000       0.9910166033541534801     
   4583.0590249999996        8.5198999999999997E-002   0.0000000000000000        0.99
   4583.1275349999996        3.8764000000000000E-002   0.0000000000000000        0.99
   4583.1960449999997        1.2400000000000001E-004   0.0000000000000000        0.99
   4583.2645549999997        7.7070000000000000E-002   0.0000000000000000        0.99
   4583.3330660000001        9.9972000000000005E-002   0.0000000000000000        0.99
   4583.4015760000002        6.7603999999999997E-002   0.0000000000000000        0.99
   4583.4700860000003       0.11182900000000000        0.0000000000000000        0.99
   4583.5385960000003        6.2720999999999999E-002   0.0000000000000000        0.99
   4583.6071060000004       -2.5152999999999998E-002   0.0000000000000000        0.99
   4583.6756160000004        2.8316999999999998E-002   0.0000000000000000        0.99
   4583.7441259999996        2.4604000000000001E-002   0.0000000000000000        0.99
   4583.8126359999997        6.6720000000000000E-003   0.0000000000000000        0.99
   4583.8811459999997       -3.9170000000000003E-003   0.0000000000000000        0.99
   4583.9496559999998        4.8658000000000000E-002   0.0000000000000000        0.99
   4584.0181659999998        1.5876999999999999E-002   0.0000000000000000        0.99
   4584.0866759999999        3.6339000000000003E-002   0.0000000000000000        0.99
   4584.1551860000000       -3.9257000000000000E-002   0.0000000000000000       0.99
   4584.2236960000000        2.4610000000000001E-003   0.0000000000000000        0.99
   4584.2922060000001        8.5459999999999998E-003   0.0000000000000000        0.99
   4584.3607160000001       0.11639500000000000        0.0000000000000000        0.99
   4584.4292260000002       0.15082200000000001        0.0000000000000000        0.99
   4584.4977360000003       0.12190200000000000        0.0000000000000000       0.12034627377971829     
   4584.5662460000003        2.0389999999999998E-002   0.0000000000000000       0.31994827896096290     
   4584.6347560000004        6.0465999999999999E-002   0.0000000000000000       0.58891904271340978     
   4584.7032660000004       0.20216899999999999        0.0000000000000000       0.77860499342605283     
   4584.7717759999996       0.42610700000000001        0.0000000000000000       0.87462914710046857     
   4584.8402859999997       0.63460600000000000        0.0000000000000000       0.91960494159154282     
   4584.9087959999997       0.74290800000000001        0.0000000000000000       0.92228939694225931     
   4584.9773059999998       0.64801600000000004        0.0000000000000000       0.85999662255945730     
   4585.0458159999998       0.69996300000000000        0.0000000000000000       0.70506412104063676     
   4585.1143259999999       0.75626499999999997        0.0000000000000000       0.47443853396954039     
   4585.1828360000000       0.66794500000000001        0.0000000000000000       0.24826638005205673     
   4585.2513460000000       0.45361899999999999        0.0000000000000000       0.10091975614165770     
   4585.3198560000001        9.4610000000000000E-002   0.0000000000000000        3.8531184905147890E-002
   4585.3883660000001       0.10517799999999999        0.0000000000000000        3.2159706456578036E-002
   4585.4568760000002        4.5723000000000000E-002   0.0000000000000000        7.6500359668148429E-002
   4585.5253860000003       0.13910400000000001        0.0000000000000000       0.19862682346985616     
   4585.5938960000003       0.15374900000000000        0.0000000000000000       0.40854211963477904     
   4585.6624060000004        5.0715000000000003E-002   0.0000000000000000       0.64048820370189530     
   4585.7309160000004        9.4906000000000004E-002   0.0000000000000000       0.75677767043131627     
   4585.7994259999996       0.12430300000000000        0.0000000000000000       0.62704537215404144     
   4585.8679359999996       0.21839300000000000        0.0000000000000000       0.33030995760267240     
   4585.9364470000000       0.15138599999999999        0.0000000000000000       0.17956146029117359     
   4586.0049570000001        1.3099000000000000E-002   0.0000000000000000       0.35048524949291193     
   4586.0734670000002       -1.5893000000000001E-002   0.0000000000000000       0.68723733308983226     
   4586.1419770000002       -2.1406999999999999E-002   0.0000000000000000       0.91486198062513102     
   4586.2104870000003        2.8270000000000001E-003   0.0000000000000000       0.98551383670875503     
   4586.2789970000003       -5.8349999999999999E-003   0.0000000000000000       0.99649731552593990     
   4586.3475070000004        1.9767000000000000E-002   0.0000000000000000       0.99783810037650633     
   4586.4160169999996        1.7935000000000000E-002   0.0000000000000000       0.99825971580867467     
   4586.4845269999996        4.2144000000000001E-002   0.0000000000000000       0.99851699283444173     
   4586.5530369999997        4.3719000000000001E-002   0.0000000000000000       0.99869636181060462     
   4586.6215469999997        8.6622000000000005E-002   0.0000000000000000       0.99882940892827121     
   4586.6900569999998       0.10183200000000001        0.0000000000000000       0.99893259043946614     
   4586.7585669999999       0.14063400000000001        0.0000000000000000       0.99901538854605576     
   4586.8270769999999       0.32126199999999999        0.0000000000000000       0.99908364709572639     
   4586.8955870000000       0.46112999999999998        0.0000000000000000       0.99914115938701575     
   4586.9640970000000       0.56895899999999999        0.0000000000000000       0.99919049252344594     
   4587.0326070000001       0.59964399999999995        0.0000000000000000       0.99923344468201092     
   4587.1011170000002       0.64567699999999995        0.0000000000000000       0.99927131257145474     
   4587.1696270000002       0.46971400000000002        0.0000000000000000       0.99930505486647458     
   4587.2381370000003       0.38851999999999998        0.0000000000000000       0.99933539582891762     
   4587.3066470000003       0.35119800000000001        0.0000000000000000       0.99936289311629345     
   4587.3751570000004       0.45310299999999998        0.0000000000000000       0.99938798339112400     
   4587.4436669999996       0.56467900000000004        0.0000000000000000       0.99941101374658869     
   4587.5121769999996       0.72294899999999995        0.0000000000000000       0.99943226382617367     
   4587.5806869999997       0.76737599999999995        0.0000000000000000       0.99945196169393602     
   4587.6491969999997       0.75424999999999998        0.0000000000000000       0.99947029541812438     
   4587.7177069999998       0.79595600000000000        0.0000000000000000       0.99948742165812066     
   4587.7862169999999       0.81342000000000003        0.0000000000000000       0.99950347212054891     
   4587.8547269999999       0.74000299999999997        0.0000000000000000       0.99951855847648041     
   4587.9232370000000       0.71649600000000002        0.0000000000000000       0.99953277615124136     
   4587.9917470000000       0.57062900000000005        0.0000000000000000       0.99954620727745191     
   4588.0602570000001       0.62198799999999999        0.0000000000000000        1.0000000000000000     
   4588.1287670000002       0.63231199999999999        0.0000000000000000        1.0000000000000000     
   4588.1972770000002       0.72821800000000003        0.0000000000000000        1.0000000000000000     
   4588.2657870000003       0.75866100000000003        0.0000000000000000        1.0000000000000000     
   4588.3342970000003       0.93757500000000005        0.0000000000000000        1.0000000000000000     
   4588.4028070000004       0.99685199999999996        0.0000000000000000        1.0000000000000000     
   4588.4713170000005       0.93547700000000000        0.0000000000000000        1.0000000000000000     
   4588.5398279999999        1.0277950000000000        0.0000000000000000        1.0000000000000000     
   4588.6083380000000       0.97020099999999998        0.0000000000000000        1.0000000000000000     
   4588.6768480000001       0.85147200000000001        0.0000000000000000        1.0000000000000000     
   4588.7453580000001       0.93827300000000002        0.0000000000000000        1.0000000000000000     
   4588.8138680000002        1.0722339999999999        0.0000000000000000        1.0000000000000000     
   4588.8823780000002        1.0050319999999999        0.0000000000000000        1.0000000000000000     
   4588.9508880000003       0.89347600000000005        0.0000000000000000        1.0000000000000000     
   4589.0193980000004       0.87354399999999999        0.0000000000000000        1.0000000000000000     
   4589.0879080000004       0.95417600000000002        0.0000000000000000        1.0000000000000000     
   4589.1564179999996        1.0494740000000000        0.0000000000000000        1.0000000000000000     
   4589.2249279999996       0.96872300000000000        0.0000000000000000        1.0000000000000000     
   4589.2934379999997       0.91318299999999997        0.0000000000000000        1.0000000000000000     
   4589.3619479999998       0.93797299999999995        0.0000000000000000        1.0000000000000000     
   4589.4304579999998        1.0539559999999999        0.0000000000000000        1.0000000000000000     
   4589.4989679999999       0.97267999999999999        0.0000000000000000        1.0000000000000000     
   4589.5674779999999       0.95466300000000004        0.0000000000000000        1.0000000000000000     
   4589.6359880000000       0.96345999999999998        0.0000000000000000        1.0000000000000000     
   4589.7044980000001       0.86934000000000000        0.0000000000000000        1.0000000000000000     
   4589.7730080000001       0.95508300000000002        0.0000000000000000        1.0000000000000000     
   4589.8415180000002       0.93280799999999997        0.0000000000000000        1.0000000000000000     
   4589.9100280000002       0.92872399999999999        0.0000000000000000        1.0000000000000000     
   4589.9785380000003        1.0122750000000000        0.0000000000000000        1.0000000000000000     
   4590.0470480000004       0.91861300000000001        0.0000000000000000        1.0000000000000000     
   4590.1155580000004       0.82922899999999999        0.0000000000000000        1.0000000000000000     
   4590.1840679999996       0.95097799999999999        0.0000000000000000        1.0000000000000000     
   4590.2525779999996       0.87062499999999998        0.0000000000000000        1.0000000000000000     
   4590.3210879999997       0.85364300000000004        0.0000000000000000        1.0000000000000000     
   4590.3895979999998       0.89078199999999996        0.0000000000000000        1.0000000000000000     
   4590.4581079999998       0.93429499999999999        0.0000000000000000        1.0000000000000000     
   4590.5266179999999       0.96106899999999995        0.0000000000000000        1.0000000000000000     
   4590.5951279999999       0.91444599999999998        0.0000000000000000        1.0000000000000000     
   4590.6636380000000       0.89075899999999997        0.0000000000000000        1.0000000000000000     
   4590.7321480000001       0.93605899999999997        0.0000000000000000        1.0000000000000000     
   4590.8006580000001        1.0072030000000001        0.0000000000000000        1.0000000000000000     
   4590.8691680000002       0.97337899999999999        0.0000000000000000        1.0000000000000000     
   4590.9376780000002       0.84672499999999995        0.0000000000000000        1.0000000000000000     
   4591.0061880000003       0.92682799999999999        0.0000000000000000        1.0000000000000000     
   4591.0746980000004       0.89739999999999998        0.0000000000000000        1.0000000000000000     
   4591.1432089999998       0.89609399999999995        0.0000000000000000        1.0000000000000000     
   4591.2117189999999       0.92144700000000002        0.0000000000000000        1.0000000000000000     
   4591.2802290000000       0.82246200000000003        0.0000000000000000        1.0000000000000000     
   4591.3487390000000       0.87868800000000002        0.0000000000000000        1.0000000000000000     
   4591.4172490000001       0.99216599999999999        0.0000000000000000        1.0000000000000000     
#!  ---- tick mark positions for above ----
#!      4578.12161     1    24
