#! -------------------------
   5534.2080999999998       0.96529106489612382        6.0127376072313526E-002   1.0000000000000000     
   5534.3244000000004        1.0635560551029697        6.0361068463542923E-002   1.0000000000000000     
   5534.4407000000001       0.99542385428976565        5.9956791433851568E-002   1.0000000000000000     
   5534.5569999999998        1.0077826857478902        5.9832437247427588E-002   1.0000000000000000     
   5534.6733000000004       0.98419824394150324        5.9704954766903136E-002   1.0000000000000000     
   5534.7896000000001        1.0694937568935925        5.9791250095176295E-002   1.0000000000000000     
   5534.9058999999997        1.0044981221680085        5.9520168739524711E-002   1.0000000000000000     
   5535.0222000000003        1.0008991874972590        5.9573116665935712E-002   1.0000000000000000     
   5535.1385000000000        1.0424660740245486        5.9692040150911806E-002   1.0000000000000000     
   5535.2547999999997       0.97918499886316290        5.9665392835825809E-002   1.0000000000000000     
   5535.3711999999996        1.0853469645353244        5.9125291769293861E-002   1.0000000000000000     
   5535.4875000000002       0.91205567950505484        5.8314825672485082E-002   1.0000000000000000     
   5535.6037999999999       0.98217906633537067        5.9349075959169134E-002   1.0000000000000000     
   5535.7200999999995        1.0547006856609973        5.9975612596463432E-002   1.0000000000000000     
   5535.8365000000003        1.0323534071432054        5.9452540020259216E-002   1.0000000000000000     
   5535.9528000000000        1.0258995107381796        5.9086109959556841E-002   1.0000000000000000     
   5536.0690999999997        1.0220567159765992        5.8626959624789934E-002   1.0000000000000000     
   5536.1854999999996       0.96500082034800516        5.8690019302660490E-002   1.0000000000000000     
   5536.3018000000002        1.0273825611003669        5.8704694862665510E-002   1.0000000000000000     
   5536.4182000000001       0.91832616728800109        5.8513315951296836E-002   1.0000000000000000     
   5536.5344999999998       0.97849648906650744        5.8267295418152995E-002   1.0000000000000000     
   5536.6508000000003       0.91223258505095361        5.8722633523033627E-002   1.0000000000000000     
   5536.7672000000002        1.0676412525634555        5.8673634054755591E-002   1.0000000000000000     
   5536.8836000000001       0.92989957914066024        5.8473184717098635E-002   1.0000000000000000     
   5536.9998999999998        1.0495032166539708        5.8457456079619698E-002   1.0000000000000000     
   5537.1162999999997       0.97315900045258585        5.8184644496497726E-002   1.0000000000000000     
   5537.2326000000003       0.97329413131138653        5.7998832762030127E-002   1.0000000000000000     
   5537.3490000000002       0.94668934786329817        5.8252885019063165E-002   1.0000000000000000     
   5537.4654000000000       0.99530383942095435        5.8252500952807582E-002   1.0000000000000000     
   5537.5816999999997       0.97145642798521181        5.7795677640408730E-002   1.0000000000000000     
   5537.6980999999996       0.93718747786880319        5.7537824530388956E-002   1.0000000000000000     
   5537.8145000000004       0.96572024625250386        5.8202794882756592E-002   1.0000000000000000     
   5537.9308000000001        1.0102656386321980        5.7417741982207594E-002   1.0000000000000000     
   5538.0472000000000       0.88870985337803599        5.7205439447377167E-002   1.0000000000000000     
   5538.1635999999999       0.98596474516800392        5.7418394691832277E-002   1.0000000000000000     
   5538.2799999999997       0.96102566149432622        5.7155412569075227E-002   1.0000000000000000     
   5538.3963999999996       0.98704807587343890        5.6684529132082648E-002   1.0000000000000000     
   5538.5127000000002       0.90195137897991662        5.6781253942616745E-002   1.0000000000000000     
   5538.6291000000001       0.94266239170723831        5.8187809554036664E-002   1.0000000000000000     
   5538.7455000000000        1.0973119582460618        5.7907064051570631E-002   1.0000000000000000     
   5538.8618999999999       0.92529602220606977        5.7432943825643609E-002   1.0000000000000000     
   5538.9782999999998       0.98811213809763032        5.7435923517657909E-002   1.0000000000000000     
   5539.0946999999996       0.97898608052373626        5.7750444161216503E-002   1.0000000000000000     
   5539.2111000000004        1.0124708538384550        5.7730587023890022E-002   1.0000000000000000     
   5539.3275000000003       0.97333081310828418        5.7794984922437398E-002   1.0000000000000000     
   5539.4439000000002       0.99741266740770318        5.7954512807380190E-002   1.0000000000000000     
   5539.5603000000001        1.0031252959836565        5.7551125940044093E-002   1.0000000000000000     
   5539.6767000000000       0.97857780840532538        5.7491773841445507E-002   1.0000000000000000     
   5539.7932000000001        1.0047456327601276        5.7667452537671061E-002   1.0000000000000000     
   5539.9096000000000       0.99070746719439129        5.7574174930536244E-002   1.0000000000000000     
   5540.0259999999998        1.0039084699786969        5.7938547575714261E-002  0.99998554131545159     
   5540.1423999999997        1.0584154260393315        5.7602597009777087E-002  0.99998517065667125     
   5540.2587999999996       0.94937794106904816        5.7293581029641744E-002  0.99998478542824565     
   5540.3752999999997        1.0128802420360981        5.6929359113825663E-002  0.99998438487813435     
   5540.4916999999996       0.90676531652937509        5.7617643779395225E-002  0.99998396848100812     
   5540.6081000000004        1.0609829203624854        5.7766318896025709E-002  0.99998353521575045     
   5540.7245999999996        1.0179409397599273        5.6676407963461739E-002  0.99998308400001157     
   5540.8410000000003       0.92145664497217283        5.6571916093310123E-002  0.99998261416941292     
   5540.9574000000002       0.96937353549171723        5.7428104757559377E-002  0.99998212451584478     
   5541.0739000000003        1.0495836145609165        5.7430053822262239E-002  0.99998161372026784     
   5541.1903000000002       0.97517622991465824        5.7066062209381999E-002  0.99998108073845426     
   5541.3068000000003       0.98734206280078440        5.7255183847864169E-002  0.99998052427511464     
   5541.4232000000002        1.0079833866449321        5.6927982461306863E-002  0.99997994291579095     
   5541.5397000000003       0.90126367510593519        5.7122794799198968E-002  0.99997933515044113     
   5541.6561000000002        1.0117097718198400        5.6771137161359377E-002  0.99997869935814243     
   5541.7726000000002       0.91548014763155683        5.6373647540655547E-002  0.99997803380627281     
   5541.8890000000001       0.93573327909585879        5.6850983055427559E-002  0.99997733659345667     
   5542.0055000000002        1.0382159241451165        5.7045657791181655E-002  0.99997660541237854     
   5542.1220000000003       0.95557328227499994        5.7037035141787852E-002  0.99997583832007642     
   5542.2384000000002       0.96578571063620711        5.7256854312383802E-002  0.99997503318373004     
   5542.3549000000003        1.0099070970958925        5.6839573697230063E-002  0.99997418677035343     
   5542.4714000000004       0.96563925628722191        5.6971559748377823E-002  0.99997329410282199     
   5542.5878000000002        1.0278265042254273        5.7648058371346199E-002  0.99997231940293207     
   5542.7043000000003        1.0605334803959219        5.7454818278799939E-002  0.99997112803726818     
   5542.8208000000004       0.96162304340958904        5.7090238995998334E-002  0.99996967704222317     
   5542.9372999999996       0.96735947041163373        5.7447621942774259E-002  0.99996825352302554     
   5543.0537000000004        1.0658688296777257        5.8119092175627440E-002  0.99996695904721700     
   5543.1701999999996        1.0096214727513664        6.0628996392740608E-002  0.99996560953724978     
   5543.2866999999997       0.97544800261333509        6.3711856811040551E-002  0.99996399481001996     
   5543.4031999999997       0.96118079787514821        6.2813105478479611E-002  0.99996212112225780     
   5543.5196999999998        1.0236035642230257        5.9769081454455739E-002  0.99996027081045402     
   5543.6361999999999        1.0249346489079867        5.8115345435034653E-002  0.99995838748908961     
   5543.7527000000000        1.0374850793256205        5.7158593460318145E-002  0.99995621315095340     
   5543.8692000000001       0.91843203013374797        5.7054680348472740E-002  0.99995389206293528     
   5543.9857000000002       0.98815025607068929        5.7534137942543119E-002  0.99995164441673434     
   5544.1022000000003        1.0356856313783775        5.7408898106482455E-002  0.99994936333972118     
   5544.2187000000004       0.98242680692555240        5.7250058464503047E-002  0.99994693489862962     
   5544.3352000000004       0.99336592464243179        5.8032255215896139E-002  0.99994432413412160     
   5544.4516999999996        1.0691725916813488        5.8437389412757487E-002  0.99994151052790337     
   5544.5681999999997        1.0106956071132402        5.8000833079112406E-002  0.99993847161469807     
   5544.6846999999998       0.95095724139330939        5.8322700741224580E-002  0.99993518023639072     
   5544.8013000000001        1.0348655384223404        5.9417692577458582E-002  0.99993160619490074     
   5544.9178000000002       0.94597940030515104        5.9094993431229016E-002  0.99992771718096851     
   5545.0343000000003        1.0763093555477856        5.8556333074951394E-002  0.99992347246440472     
   5545.1508000000003       0.97437461862555175        5.9812544118719689E-002  0.99991882035204072     
   5545.2673999999997       0.96368741330236096        6.2757604664370290E-002  0.99991370267270918     
   5545.3838999999998       0.97552581069736777        6.0809600851250818E-002  0.99990805311155850     
   5545.5003999999999       0.97631248467038667        5.9710265569418768E-002  0.99990178382148143     
   5545.6170000000002        1.0081178613310162        6.0667538961348418E-002  0.99989478566895784     
   5545.7335000000003       0.97801922555346754        6.1341440681302692E-002  0.99988692830130821     
   5545.8500000000004       0.93214729208598079        6.0957562738464366E-002  0.99987803352700066     
   5545.9665999999997        1.0440235356591672        6.0265369511722462E-002  0.99986786274222261     
   5546.0830999999998       0.99700260994239487        5.9505036526593599E-002  0.99985609260708552     
   5546.1997000000001        1.0276418773598748        5.8549193001927534E-002  0.99984224828904800     
   5546.3162000000002        1.0117346948137476        5.7622325704976766E-002  0.99982559279963068     
   5546.4327999999996       0.99709465538550002        5.7310953130829331E-002  0.99980487353037983     
   5546.5492999999997       0.97544365273781031        5.7283444661716386E-002  0.99977760999040510     
   5546.6659000000000       0.98534873117394328        5.7111674094842448E-002  0.99973301343080656     
   5546.7825000000003       0.96997677598436804        5.6748535024319306E-002  0.99934006955596211     
   5546.8990000000003       0.93639769865421463        5.5354546503172952E-002  0.99171376423876023     
   5547.0155999999997       0.85752662473345742        5.3800804583148933E-002  0.92865265631849647     
   5547.1322000000000       0.79769027742680099        5.1501132177105086E-002  0.74945052396765977     
   5547.2487000000001       0.62289970594847877        5.1901336876841522E-002  0.64670470226718857     
   5547.3653000000004       0.76257659238660314        5.5918289956210079E-002  0.78610952150785629     
   5547.4818999999998       0.97287702003794663        5.4851633292314579E-002  0.84637072142225034     
   5547.5985000000001       0.64711571642518562        4.8540488247556350E-002  0.64968819945670964     
   5547.7150000000001       0.45114776842224308        4.9442553586050028E-002  0.51304833995051768     
   5547.8316000000004       0.75515350913022339        5.3712929586581540E-002  0.69471186898884585     
   5547.9481999999998       0.92326883280337435        5.7037030362057879E-002  0.91540412534012472     
   5548.0648000000001        1.0387176625210992        5.8150553866991611E-002  0.98916623656959934     
   5548.1814000000004       0.98693834107532319        5.8462107264997530E-002  0.99833548253955540     
   5548.2979999999998        1.0264743704928490        5.7981274051387616E-002  0.99857813510224858     
   5548.4146000000001       0.96755668071593837        5.7640464093141712E-002  0.99822036050072216     
   5548.5312000000004       0.95992254091214368        5.8242369623072048E-002  0.99761810341393475     
   5548.6477999999997        1.0489075055636461        5.8646128859702724E-002  0.99647103109048085     
   5548.7644000000000        1.0540018238696496        5.8203507050164333E-002  0.99124748338127600     
   5548.8810000000003       0.99110034772467182        5.5308432164647862E-002  0.94751603283298536     
   5548.9975999999997       0.86927257975043071        4.4845535579507746E-002  0.74828846064872423     
   5549.1142000000000       0.38754047580687828        3.3071313230511157E-002  0.37337093887223821     
   5549.2308000000003        3.9095592829877047E-002   2.9016997376441474E-002   9.7333010838378184E-002
   5549.3473999999997        2.7312390486841660E-002   3.3465119371867004E-002   7.1673698568815628E-002
   5549.4639999999999       0.23809679622584098        4.2880762433339673E-002  0.29840629566279664     
   5549.5807000000004       0.71477400573506622        5.2090789754145023E-002  0.67949925938659383     
   5549.6972999999998       0.95641658096444415        5.6140781162339372E-002  0.92378897578658858     
   5549.8139000000001       0.95179874186688829        5.7331131330607958E-002  0.98490176668196272     
   5549.9305000000004       0.99982845948596177        5.7233713716425993E-002  0.97304437341922201     
   5550.0472000000000       0.94050648435440176        5.5213103837806192E-002  0.90637722679563604     
   5550.1638000000003       0.81996855345911945        5.3668492943439450E-002  0.81124956610248056     
   5550.2803999999996       0.74430007448615920        5.5500029731397109E-002  0.79766057377862698     
   5550.3971000000001       0.94941824336002567        5.8051819265034936E-002  0.88555871375411710     
   5550.5137000000004       0.91191145251591865        5.9203680563294885E-002  0.96577190474306751     
   5550.6302999999998        1.0134984929330628        5.9650439601914788E-002  0.99389679055063596     
   5550.7470000000003        1.0172019269022474        5.9132963566359290E-002  0.99750391516201831     
   5550.8635999999997        1.0259567293025031        5.7883788734880925E-002  0.99004130772015886     
   5550.9803000000002       0.92406477480164806        5.5318223025067684E-002  0.94779516299646971     
   5551.0968999999996       0.84069583819012772        5.1721579043504953E-002  0.81892850021118269     
   5551.2136000000000       0.66140538360448331        4.7917059000266542E-002  0.61860456468787062     
   5551.3302000000003       0.48688492344270601        4.6735830686353147E-002  0.49747050317283770     
   5551.4468999999999       0.54296534898604709        4.8634399350116708E-002  0.55159850870001448     
   5551.5636000000004       0.66454034603596845        4.9843728375393130E-002  0.66542369283715319     
   5551.6801999999998       0.64239893229659362        4.8820625767328776E-002  0.69245325390292922     
   5551.7969000000003       0.57548139958894440        4.7721011281859314E-002  0.63127263928659905     
   5551.9135999999999       0.55644426171000594        4.7129747022204869E-002  0.54544847348511361     
   5552.0302000000001       0.54795282347525542        4.5126115374237830E-002  0.47288706229613564     
   5552.1468999999997       0.47209661448296009        4.1722647157326209E-002  0.42735832621970427     
   5552.2636000000002       0.26122551595683702        4.1293941316613569E-002  0.41369495968219466     
   5552.3802999999998       0.41663302927452395        4.4784907172153145E-002  0.43298640741513045     
   5552.4969000000001       0.57473331952390017        4.7222651926169763E-002  0.48365769380009310     
   5552.6135999999997       0.54929024065941823        4.9990615698099622E-002  0.56003715579912661     
   5552.7303000000002       0.76446861500428065        5.1493937781115905E-002  0.64304537486015600     
   5552.8469999999998       0.66602612348362056        4.9702133389515478E-002  0.67562127364833813     
   5552.9637000000002       0.63167737981228489        4.9730033927785321E-002  0.63168036084119983     
   5553.0803999999998       0.64233646289295177        5.2262954551233913E-002  0.67218939248341569     
   5553.1971000000003       0.84682211233415694        5.5491370331513384E-002  0.84013742281980397     
   5553.3137999999999       0.94590533987202763        5.6723946150666268E-002  0.95340603281522507     
   5553.4305000000004       0.89110244902358438        5.7150095863678363E-002  0.98514533397186210     
   5553.5472000000000       0.97249078140233713        5.7764183325134548E-002  0.98575108075367401     
   5553.6638999999996       0.94698743227949578        5.7215519296787060E-002  0.95845735259360165     
   5553.7806000000000       0.97209480744948285        5.4437339547578401E-002  0.88245727798314233     
   5553.8972999999996       0.69461896291294400        5.0960788797334428E-002  0.75944440995100149     
   5554.0140000000001       0.60221741617842328        5.0405609930380069E-002  0.64758905387357446     
   5554.1306999999997       0.70433584215087841        5.1364051410588744E-002  0.62375827420419716     
   5554.2474000000002       0.70987430194646006        5.2392186268384690E-002  0.70600726704422601     
   5554.3642000000000       0.78884705699999147        5.4139433794246912E-002  0.83337688233498464     
   5554.4808999999996       0.89364675267192462        5.5040164722581539E-002  0.91542487819208063     
   5554.5976000000001       0.91477616939315687        5.3189324945448174E-002  0.86075215312270226     
   5554.7142999999996       0.67322825624356686        5.2471452617084344E-002  0.67374365425190541     
   5554.8311000000003       0.57979114700425727        5.4106599595113200E-002  0.63384065798377998     
   5554.9477999999999       0.90316945984772923        5.6662764859370579E-002  0.82321230885938868     
   5555.0645000000004       0.95704753381172525        5.7214812349304388E-002  0.96391213852617419     
   5555.1813000000002       0.93996526263437774        5.6913740005355991E-002  0.99682175934639194     
   5555.2979999999998       0.94233477533137711        5.6526889765304449E-002  0.99976398572371283     
   5555.4147999999996       0.89830460579272264        5.5782113314274483E-002  0.99989608868713764     
   5555.5315000000001       0.87516751600691489        5.4940634288461875E-002  0.99991636817228091     
   5555.6481999999996       0.77138581558120178        5.6003741558202966E-002  0.99992838372023651     
   5555.7650000000003       0.96106875772216305        5.7277248016420576E-002  0.99993680325011414     
   5555.8816999999999       0.94657933743462297        5.7601102759264756E-002  0.99994324253010691     
   5555.9984999999997       0.99199682700411063        5.7574830254620180E-002  0.99994862448664257     
   5556.1153000000004       0.98405079960983854        5.7241787345735130E-002  0.99995321978081619     
   5556.2320000000000       0.91964336396629998        5.7464892209805184E-002  0.99995691631684847     
   5556.3487999999998       0.97960936527428344        5.7869411050949893E-002  0.99995979832910076     
   5556.4655000000002       0.96158934298019605        5.8761040841156562E-002  0.99996217555663913     
   5556.5823000000000       0.99897539273599445        5.9371254197894102E-002  0.99996424438029274     
   5556.6990999999998        1.0273697407595550        5.9486055329024588E-002  0.99996607994570852     
   5556.8158000000003       0.98249884881610883        5.9048213975333948E-002  0.99996772488195651     
   5556.9326000000001       0.94344854767825126        5.8884732249150570E-002  0.99996921236993930     
   5557.0493999999999        1.0283115881780480        5.8847502275799116E-002  0.99997056709317356     
   5557.1661999999997       0.98651030474820656        5.9195847210403503E-002  0.99997180794644391     
   5557.2830000000004        1.0570437323304922        5.9418109782480980E-002  0.99997295009170772     
   5557.3996999999999        1.0503116509657269        5.9117933940824034E-002  0.99997400623674570     
   5557.5164999999997        1.0210529913611976        5.9145648510430027E-002  0.99997498747726932     
   5557.6333000000004        1.0218550252658114        5.9424886065943407E-002  0.99997590235291445     
   5557.7501000000002        1.0351247241423369        5.9202562421903873E-002  0.99997675771233707     
   5557.8669000000000       0.94996277670346774        5.9003211088526582E-002  0.99997755969214386     
   5557.9836999999998       0.99359232351891058        5.9360066258285570E-002  0.99997831355790301     
   5558.1004999999996        1.0451221805833024        5.9031620414393540E-002  0.99997902391073878     
   5558.2173000000003       0.99341279908349300        5.8361386430183695E-002  0.99997969782978380     
   5558.3341000000000       0.94833671350038096        5.8522519667129312E-002  0.99998037667843465     
   5558.4508999999998       0.99159709291710008        5.9122284585990788E-002  0.99998119186251655     
   5558.5676999999996        1.0228414904467418        5.8958473621450479E-002  0.99998215660051126     
   5558.6845000000003       0.93075133409338062        5.8907473932891648E-002  0.99998307528958352     
   5558.8013000000001        1.0790922413228632        5.9281507479208170E-002  0.99998396237296905     
   5558.9182000000001       0.99477069118928241        5.9057400731971632E-002  0.99998470208351098     
   5559.0349999999999        1.0329856461923881        5.9006346342237823E-002  0.99998518973949768     
   5559.1517999999996        1.0119566850876662        5.8891889337665135E-002  0.99998556719067233     
   5559.2686000000003        1.0140053430806548        5.8638642265198403E-002  0.99998591884781052     
   5559.3854000000001       0.98475962104148929        5.8149817258074284E-002  0.99998625721521350     
   5559.5023000000001       0.94775130746953762        5.8528806006024628E-002  0.99998658342379576     
   5559.6190999999999        1.0270516691627896        5.9305479101637734E-002  0.99998689784790384     
   5559.7358999999997        1.0372110252107725        5.9456689454163096E-002  0.99998720117088236     
   5559.8527999999997        1.0169720689522950        5.9164926936778099E-002  0.99998749402584930     
   5559.9696000000004        1.0016430168986372        5.9029651916321146E-002  0.99998777669837768     
   5560.0864000000001        1.0055994919510363        5.9103257650351217E-002  0.99998804974899802     
   5560.2033000000001        1.0312025072924318        5.8748646840350360E-002   1.0000000000000000     
   5560.3200999999999       0.97405972822588882        5.7936464446881081E-002   1.0000000000000000     
   5560.4369999999999       0.96188781657759093        5.7572443635199880E-002   1.0000000000000000     
   5560.5537999999997       0.91618824928933018        5.8529205817424552E-002   1.0000000000000000     
   5560.6706999999997        1.0623033104854012        5.9032251570693133E-002   1.0000000000000000     
   5560.7875000000004        1.0112474517303454        5.9253926996330926E-002   1.0000000000000000     
   5560.9044000000004        1.0607784482031304        5.8868388009881562E-002   1.0000000000000000     
   5561.0213000000003        1.0142275991374157        5.7195589555851516E-002   1.0000000000000000     
   5561.1381000000001       0.85758062669643931        5.7368200362063235E-002   1.0000000000000000     
   5561.2550000000001        1.0252495103112484        5.7829297025634198E-002   1.0000000000000000     
   5561.3717999999999       0.94660375574066646        5.7744596837019865E-002   1.0000000000000000     
   5561.4886999999999       0.98767613725561587        5.7708981497684914E-002   1.0000000000000000     
   5561.6055999999999       0.91486358088451225        5.7280607157292211E-002   1.0000000000000000     
   5561.7224999999999       0.94162645393105671        5.7171483996264857E-002   1.0000000000000000     
   5561.8392999999996       0.90072710539293588        5.7340456338215336E-002   1.0000000000000000     
   5561.9561999999996       0.93287536347069311        5.7853750424692915E-002   1.0000000000000000     
   5562.0730999999996       0.96367130105048049        5.8357113365217608E-002   1.0000000000000000     
   5562.1899999999996        1.0010718039274258        5.9024385726462618E-002   1.0000000000000000     
   5562.3068999999996        1.0211036051765301        5.9315483623792090E-002   1.0000000000000000     
   5562.4237999999996       0.95439633709885263        5.8881038558929344E-002   1.0000000000000000     
   5562.5406999999996       0.98126284730191737        5.8702779428050245E-002   1.0000000000000000     
   5562.6575999999995       0.93405707565615803        5.8646164824313611E-002   1.0000000000000000     
   5562.7744000000002       0.99593481100016767        5.8530240718911955E-002   1.0000000000000000     
   5562.8913000000002       0.95291739751295901        5.8603625635834287E-002   1.0000000000000000     
   5563.0082000000002       0.99947186856767467        5.8789370475766226E-002   1.0000000000000000     
   5563.1252000000004       0.95558573800960578        5.9401692010207216E-002   1.0000000000000000     
   5563.2421000000004        1.0815448941635397        5.9986359629386664E-002   1.0000000000000000     
   5563.3590000000004        1.0246856619859552        5.9527259411119415E-002   1.0000000000000000     
   5563.4759000000004       0.98268325397395229        5.8924685590130990E-002   1.0000000000000000     
   5563.5928000000004       0.97180408406063534        5.8882584359065113E-002   1.0000000000000000     
   5563.7097000000003       0.98378309106426753        5.9324441600523151E-002   1.0000000000000000     
   5563.8266000000003        1.0456008828763677        5.9386099691617379E-002   1.0000000000000000     
   5563.9435000000003       0.94004184056601570        5.9936484949399009E-002   1.0000000000000000     
   5564.0604999999996        1.0064553916741625        6.0376197924785831E-002   1.0000000000000000     
   5564.1773999999996       0.98021294353841815        5.9946388705404509E-002   1.0000000000000000     
   5564.2942999999996       0.98261217316263327        5.9222190110393182E-002   1.0000000000000000     
   5564.4112999999998       0.95981243418597550        5.9466706313881068E-002   1.0000000000000000     
   5564.5281999999997       0.98761385193268569        6.0734094437759172E-002   1.0000000000000000     
   5564.6450999999997        1.0572976852805209        6.0711293218385073E-002   1.0000000000000000     
   5564.7620999999999       0.99304159954947779        6.0431121566428596E-002   1.0000000000000000     
   5564.8789999999999        1.0481018941057572        6.0763287394343307E-002   1.0000000000000000     
   5564.9960000000001       0.97992031220932252        6.4383794430849683E-002   1.0000000000000000     
   5565.1129000000001        1.0038196504436641        6.8905365277008621E-002   1.0000000000000000     
   5565.2298000000001       0.95302740349145254        6.5989639262956423E-002   1.0000000000000000     
   5565.3468000000003       0.98427340716572109        6.1241713334827495E-002   1.0000000000000000     
   5565.4637000000002       0.92240358798443112        6.0503438797926100E-002   1.0000000000000000     
   5565.5807000000004        1.0395524862151833        6.1309528718436763E-002   1.0000000000000000     
   5565.6976999999997        1.0345189942822890        6.0594330377807107E-002   1.0000000000000000     
   5565.8145999999997       0.93936768791393932        5.9832461834603771E-002   1.0000000000000000     
   5565.9315999999999       0.98336938477874036        6.0410722226569985E-002   1.0000000000000000     
#!  ---- tick mark positions for above ----
#!      5549.30114     3     1
#!      5550.23519     3     3
#!      5547.23409     3     5
#!      5552.25357     3     7
#!      5553.03596     3     9
#!      5554.78980     3    11
#!      5554.09697     3    13
#!      5547.70591     3    15
#!      5551.33168     3    17