#! -------------------------
   7346.3494609999998       0.86104800000000004        2.2664000000000000E-002   1.0000000000000000     
   7346.5029649999997       0.93577600000000005        2.2818999999999999E-002   1.0000000000000000     
   7346.6564680000001       0.96768799999999999        2.2761000000000000E-002   1.0000000000000000     
   7346.8099720000000       0.93425000000000002        2.3108000000000000E-002   1.0000000000000000     
   7346.9634759999999       0.94340700000000000        2.4063999999999999E-002   1.0000000000000000     
   7347.1169799999998       0.99078699999999997        2.4034000000000000E-002   1.0000000000000000     
   7347.2704839999997       0.98182300000000000        2.2960000000000001E-002   1.0000000000000000     
   7347.4239870000001       0.94594400000000001        2.2485000000000002E-002   1.0000000000000000     
   7347.5774910000000       0.95326299999999997        2.2727000000000001E-002   1.0000000000000000     
   7347.7309949999999       0.94270299999999996        2.3009000000000002E-002   1.0000000000000000     
   7347.8844989999998       0.93637499999999996        2.3054999999999999E-002   1.0000000000000000     
   7348.0380020000002       0.91927599999999998        2.2932000000000001E-002   1.0000000000000000     
   7348.1915060000001       0.95799599999999996        2.2783000000000001E-002   1.0000000000000000     
   7348.3450100000000       0.95379999999999998        2.2762999999999999E-002   1.0000000000000000     
   7348.4985139999999       0.96014100000000002        2.2714999999999999E-002   1.0000000000000000     
   7348.6520179999998       0.99850000000000005        2.2877999999999999E-002   1.0000000000000000     
   7348.8055210000002       0.92222700000000002        2.3165999999999999E-002   1.0000000000000000     
   7348.9590250000001       0.98212800000000000        2.3668999999999999E-002   1.0000000000000000     
   7349.1125290000000       0.95180900000000002        2.3843000000000000E-002   1.0000000000000000     
   7349.2660329999999       0.94926100000000002        2.3196000000000001E-002   1.0000000000000000     
   7349.4195360000003       0.94946100000000000        2.2945000000000000E-002   1.0000000000000000     
   7349.5730400000002       0.89561500000000005        2.2875000000000000E-002   1.0000000000000000     
   7349.7265440000001       0.96742899999999998        2.3567000000000001E-002   1.0000000000000000     
   7349.8800480000000       0.95891599999999999        2.4167000000000001E-002   1.0000000000000000     
   7350.0335510000004       0.95212600000000003        2.3300999999999999E-002   1.0000000000000000     
   7350.1870550000003       0.94370299999999996        2.2929999999999999E-002   1.0000000000000000     
   7350.3405590000002        1.0219460000000000        2.2957000000000002E-002   1.0000000000000000     
   7350.4940630000001       0.96287699999999998        2.3015000000000001E-002   1.0000000000000000     
   7350.6475670000000       0.96150500000000005        2.3177000000000000E-002   1.0000000000000000     
   7350.8010700000004       0.95282599999999995        2.3251999999999998E-002   1.0000000000000000     
   7350.9545740000003       0.92990799999999996        2.3342999999999999E-002   1.0000000000000000     
   7351.1080780000002       0.89440100000000000        2.3140000000000001E-002   1.0000000000000000     
   7351.2615820000001       0.93336600000000003        2.3019999999999999E-002   1.0000000000000000     
   7351.4150849999996       0.96751500000000001        2.3002999999999999E-002   1.0000000000000000     
   7351.5685890000004       0.96443500000000004        2.2900000000000000E-002   1.0000000000000000     
   7351.7220930000003       0.92886299999999999        2.3018000000000000E-002   1.0000000000000000     
   7351.8755970000002        1.0261690000000001        2.3210000000000001E-002   1.0000000000000000     
   7352.0291010000001       0.95356200000000002        2.3123999999999999E-002   1.0000000000000000     
   7352.1826039999996       0.97913499999999998        2.2824000000000001E-002   1.0000000000000000     
   7352.3361080000004       0.95109900000000003        2.3217000000000002E-002   1.0000000000000000     
   7352.4896120000003       0.99758000000000002        2.4636000000000002E-002   1.0000000000000000     
   7352.6431160000002       0.97514100000000004        2.6748000000000001E-002   1.0000000000000000     
   7352.7966189999997       0.94001299999999999        2.5035999999999999E-002   1.0000000000000000     
   7352.9501229999996        1.0120690000000001        2.4014000000000001E-002   1.0000000000000000     
   7353.1036270000004       0.97826100000000005        2.3709999999999998E-002   1.0000000000000000     
   7353.2571310000003       0.98223400000000005        2.3578000000000002E-002   1.0000000000000000     
   7353.4106350000002       0.88467899999999999        2.3702000000000001E-002   1.0000000000000000     
   7353.5641379999997        1.0169490000000001        2.3764000000000000E-002   1.0000000000000000     
   7353.7176419999996       0.99134400000000000        2.3692000000000001E-002   1.0000000000000000     
   7353.8711460000004       0.96937499999999999        2.4731000000000000E-002   1.0000000000000000     
   7354.0246500000003        1.0116529999999999        2.7711000000000000E-002   1.0000000000000000     
   7354.1781529999998       0.99294899999999997        2.6463000000000000E-002   1.0000000000000000     
   7354.3316569999997       0.99963900000000006        2.4937000000000001E-002   1.0000000000000000     
   7354.4851609999996       0.98285699999999998        2.4504999999999999E-002   1.0000000000000000     
   7354.6386650000004       0.95967000000000002        2.4282000000000001E-002   1.0000000000000000     
   7354.7921690000003       0.94930099999999995        2.3855000000000001E-002   1.0000000000000000     
   7354.9456719999998       0.93490600000000001        2.3630999999999999E-002   1.0000000000000000     
   7355.0991759999997       0.94657500000000006        2.3737000000000001E-002   1.0000000000000000     
   7355.2526799999996       0.96284199999999998        2.4022000000000002E-002   1.0000000000000000     
   7355.4061840000004       0.98007000000000000        2.3592999999999999E-002   1.0000000000000000     
   7355.5596869999999       0.94952499999999995        2.3397999999999999E-002   1.0000000000000000     
   7355.7131909999998       0.95159600000000000        2.3404000000000001E-002   1.0000000000000000     
   7355.8666949999997       0.97570500000000004        2.3626000000000001E-002   1.0000000000000000     
   7356.0201989999996       0.92530699999999999        2.3633999999999999E-002   1.0000000000000000     
   7356.1737020000000       0.93631100000000000        2.3623000000000002E-002   1.0000000000000000     
   7356.3272059999999        1.0245370000000000        2.3830000000000000E-002   1.0000000000000000     
   7356.4807099999998       0.95407399999999998        2.3695999999999998E-002   1.0000000000000000     
   7356.6342139999997       0.95625899999999997        2.3661999999999999E-002   1.0000000000000000     
   7356.7877179999996       0.98023400000000005        2.3876000000000001E-002   1.0000000000000000     
   7356.9412210000000       0.95076200000000000        2.3827000000000001E-002   1.0000000000000000     
   7357.0947249999999       0.94879300000000000        2.3730000000000001E-002   1.0000000000000000     
   7357.2482289999998       0.98088600000000004        2.3831999999999999E-002   1.0000000000000000     
   7357.4017329999997       0.99357700000000004        2.3928000000000001E-002   1.0000000000000000     
   7357.5552360000001       0.96972499999999995        2.3871000000000000E-002   1.0000000000000000     
   7357.7087400000000       0.95427700000000004        2.4004000000000001E-002   1.0000000000000000     
   7357.8622439999999       0.96256500000000000        2.4233000000000001E-002   1.0000000000000000     
   7358.0157479999998       0.95801199999999997        2.4260000000000000E-002   1.0000000000000000     
   7358.1692519999997        1.0053150000000000        2.4225000000000000E-002   1.0000000000000000     
   7358.3227550000001       0.99696300000000004        2.4122999999999999E-002   1.0000000000000000     
   7358.4762590000000       0.92154400000000003        2.4111000000000000E-002   1.0000000000000000     
   7358.6297629999999       0.91324200000000000        2.4136000000000001E-002   1.0000000000000000     
   7358.7832669999998       0.93095600000000001        2.4087000000000001E-002   1.0000000000000000     
   7358.9367700000003       0.92902799999999996        2.3928000000000001E-002   1.0000000000000000     
   7359.0902740000001       0.90067299999999995        2.3713999999999999E-002   1.0000000000000000     
   7359.2437780000000       0.98645499999999997        2.3820999999999998E-002   1.0000000000000000     
   7359.3972819999999        1.0614120000000000        2.3944000000000000E-002   1.0000000000000000     
   7359.5507859999998       0.93227400000000005        2.3976999999999998E-002   1.0000000000000000     
   7359.7042890000002       0.86933600000000000        2.4544000000000000E-002   1.0000000000000000     
   7359.8577930000001        1.0941430000000001        2.6155000000000001E-002   1.0000000000000000     
   7360.0112970000000       0.65211699999999995        2.5447000000000001E-002   1.0000000000000000     
   7360.1648009999999        1.1697930000000001        2.4617000000000000E-002   1.0000000000000000     
   7360.3183040000004        1.1159190000000001        2.5380000000000000E-002   1.0000000000000000     
   7360.4718080000002       0.79545200000000005        3.1383000000000001E-002   1.0000000000000000     
   7360.6253120000001       0.96688300000000005        4.5359999999999998E-002   1.0000000000000000     
   7360.7788160000000       0.91882900000000001        4.4706999999999997E-002   1.0000000000000000     
   7360.9323199999999       0.97346500000000002        3.0488000000000001E-002   1.0000000000000000     
   7361.0858230000003       0.88276100000000002        2.5194999999999999E-002   1.0000000000000000     
   7361.2393270000002       0.93864199999999998        2.4535999999999999E-002   1.0000000000000000     
   7361.3928310000001       0.97359499999999999        2.4392000000000000E-002   1.0000000000000000     
   7361.5463350000000       0.97109800000000002        2.4233000000000001E-002   1.0000000000000000     
   7361.6998380000005       0.94074500000000005        2.4361000000000001E-002   1.0000000000000000     
   7361.8533420000003       0.86401899999999998        2.4598999999999999E-002   1.0000000000000000     
   7362.0068460000002       0.90058700000000003        2.4753000000000001E-002   1.0000000000000000     
   7362.1603500000001       0.98626599999999998        2.4570000000000002E-002  0.99999999999997324     
   7362.3138529999997       0.97559099999999999        2.4140000000000002E-002  0.99999999999411360     
   7362.4673570000004       0.88874399999999998        2.4284000000000000E-002  0.99999999956946228     
   7362.6208610000003       0.87312999999999996        2.4695999999999999E-002  0.99999998879962992     
   7362.7743650000002       0.90403999999999995        2.4601999999999999E-002  0.99999988948533303     
   7362.9278690000001       0.97698700000000005        2.4136999999999999E-002  0.99999953925392726     
   7363.0813719999996       0.94610000000000005        2.4049000000000001E-002  0.99999901904777710     
   7363.2348760000004       0.91487300000000005        2.4285999999999999E-002  0.99999857572663653     
   7363.3883800000003       0.95776200000000000        2.4615000000000001E-002  0.99999814129836018     
   7363.5418840000002       0.93735000000000002        2.4739000000000001E-002  0.99999752906163053     
   7363.6953869999998       0.97228599999999998        2.4722000000000001E-002  0.99999647796155056     
   7363.8488909999996       0.93271000000000004        2.5558999999999998E-002  0.99999004191256202     
   7364.0023950000004       0.97931699999999999        2.7931999999999998E-002  0.99982588105133341     
   7364.1558990000003       0.94894500000000004        2.6574000000000000E-002  0.99732892744100288     
   7364.3094030000002       0.98905900000000002        2.5835000000000000E-002  0.98031116283589015     
   7364.4629059999997       0.93213299999999999        2.5207000000000000E-002  0.93215310508781968     
   7364.6164099999996       0.93055299999999996        2.4833999999999998E-002  0.89004365621735826     
   7364.7699140000004       0.89678199999999997        2.4608999999999999E-002  0.91586164712145113     
   7364.9234180000003       0.88603600000000005        2.4299000000000001E-002  0.96966713685451067     
   7365.0769209999999       0.93635199999999996        2.4331999999999999E-002  0.99488005827091908     
   7365.2304249999997        1.0234970000000001        2.4510000000000001E-002  0.99959243913752183     
   7365.3839289999996       0.91616100000000000        2.4858999999999999E-002  0.99997979106992052     
   7365.5374330000004       0.93596000000000001        2.5489999999999999E-002  0.99999590164342311     
   7365.6909370000003       0.94995200000000002        2.5427000000000002E-002  0.99999725297784670     
   7365.8444399999998       0.87481600000000004        2.4976999999999999E-002  0.99999769937117022     
   7365.9979439999997       0.92596299999999998        2.4906999999999999E-002  0.99999734654869643     
   7366.1514479999996       0.92863799999999996        2.4836000000000000E-002  0.99999565759409925     
   7366.3049520000004       0.96302299999999996        2.4985000000000000E-002  0.99998991411317129     
   7366.4584550000000       0.95431299999999997        2.5167999999999999E-002  0.99997109057903377     
   7366.6119589999998       0.95351900000000001        2.5158000000000000E-002  0.99991587797384396     
   7366.7654629999997       0.95918499999999995        2.5103000000000000E-002  0.99976960823758187     
   7366.9189669999996       0.97953999999999997        2.4954000000000000E-002  0.99941591388842876     
   7367.0724710000004        1.0525020000000000        2.4962999999999999E-002  0.99863522540592664     
   7367.2259740000000       0.95121900000000004        2.5214000000000000E-002  0.99706569430267888     
   7367.3794779999998       0.89145500000000000        2.5909000000000001E-002  0.99419950647157485     
   7367.5329819999997       0.92237300000000000        2.6098000000000000E-002  0.98946238594570179     
   7367.6864859999996       0.95667400000000002        2.5472000000000002E-002  0.98241097514544640     
   7367.8399890000001        1.0318460000000000        2.5361999999999999E-002  0.97302354089125986     
   7367.9934929999999        1.0148950000000001        2.5564000000000000E-002  0.96196963269641889     
   7368.1469969999998        1.0259929999999999        2.5808999999999999E-002  0.95068636712322696     
   7368.3005009999997       0.99970899999999996        2.5864000000000002E-002  0.94113430764541550     
   7368.4540040000002       0.94897900000000002        2.5883000000000000E-002  0.93526019772066149     
   7368.6075080000001       0.93403499999999995        2.5923999999999999E-002  0.93436583353421976     
   7368.7610119999999       0.92444300000000001        2.5908000000000000E-002  0.93865515246232467     
   7368.9145159999998       0.92411600000000005        2.5644000000000000E-002  0.94716173445115148     
   7369.0680199999997       0.94342800000000004        2.5590999999999999E-002  0.95808935999046807     
   7369.2215230000002       0.96720399999999995        2.5715999999999999E-002  0.96941289802702102     
   7369.3750270000000       0.93718199999999996        2.5826999999999999E-002  0.97947540561927449     
   7369.5285309999999       0.97561699999999996        2.5902000000000001E-002  0.98734283478862117     
   7369.6820349999998       0.94013800000000003        2.5866000000000000E-002  0.99282754610006407     
   7369.8355380000003       0.96624399999999999        2.5926999999999999E-002  0.99626461541393629     
   7369.9890420000002       0.78342800000000001        2.6064000000000000E-002  0.99821142597173385     
   7370.1425460000000        1.2741009999999999        2.5943999999999998E-002  0.99921209663395050     
   7370.2960499999999       0.97269600000000001        2.6587000000000000E-002  0.99968026836655177     
   7370.4495539999998       0.88791200000000003        2.8628000000000001E-002  0.99988012666548232     
   7370.6030570000003        1.3188409999999999        2.9766000000000001E-002  0.99995814840031505     
   7370.7565610000001       0.39265099999999997        2.8025999999999999E-002  0.99998608383996235     
   7370.9100650000000        1.2310129999999999        3.0356999999999999E-002  0.99999534334863327     
   7371.0635689999999       0.73759399999999997        4.4822000000000001E-002  0.99999836637054151     
   7371.2170720000004        1.2775430000000001        6.4632999999999996E-002  0.99999950316363129     
   7371.3705760000003        1.1534590000000000        7.0921999999999999E-002  0.99999991045486680     
   7371.5240800000001       0.91819499999999998        5.3380999999999998E-002  0.99999999277414275     
   7371.6775840000000       0.96916700000000000        3.4660000000000003E-002  0.99999999977427767     
   7371.8310879999999       0.91955799999999999        2.8157999999999999E-002  0.99999999999747236     
   7371.9845910000004       0.93698400000000004        2.6733000000000000E-002  0.99999999999999101     
   7372.1380950000002       0.88215100000000002        2.6162999999999999E-002   1.0000000000000000     
   7372.2915990000001       0.98312299999999997        2.6030000000000001E-002   1.0000000000000000     
   7372.4451030000000       0.93034600000000001        2.5915000000000001E-002   1.0000000000000000     
   7372.5986059999996       0.96210099999999998        2.6120999999999998E-002   1.0000000000000000     
   7372.7521100000004       0.97142399999999995        2.6360999999999999E-002   1.0000000000000000     
   7372.9056140000002       0.92947299999999999        2.6440999999999999E-002   1.0000000000000000     
   7373.0591180000001       0.98166600000000004        2.6643000000000000E-002   1.0000000000000000     
   7373.2126209999997       0.96359300000000003        2.6587000000000000E-002   1.0000000000000000     
   7373.3661249999996        1.0083819999999999        2.6564999999999998E-002   1.0000000000000000     
   7373.5196290000004       0.92919900000000000        2.6745999999999999E-002   1.0000000000000000     
   7373.6731330000002       0.97891399999999995        2.6789000000000000E-002   1.0000000000000000     
   7373.8266370000001       0.98143999999999998        2.6599999999999999E-002   1.0000000000000000     
   7373.9801399999997       0.95517200000000002        2.6499999999999999E-002   1.0000000000000000     
   7374.1336439999995       0.94446399999999997        2.6565999999999999E-002   1.0000000000000000     
   7374.2871480000003       0.94313100000000005        2.6719000000000000E-002   1.0000000000000000     
   7374.4406520000002       0.93496699999999999        2.6956000000000001E-002   1.0000000000000000     
   7374.5941549999998       0.88688500000000003        2.6893000000000000E-002   1.0000000000000000     
   7374.7476589999997       0.91795000000000004        2.6594000000000000E-002   1.0000000000000000     
   7374.9011630000005       0.98959799999999998        2.6561000000000001E-002   1.0000000000000000     
   7375.0546670000003        1.0165260000000000        2.7029000000000001E-002   1.0000000000000000     
   7375.2081710000002       0.98495800000000000        2.8629000000000002E-002   1.0000000000000000     
   7375.3616739999998       0.98374099999999998        2.9051000000000000E-002   1.0000000000000000     
   7375.5151779999997       0.95378499999999999        2.7864000000000000E-002   1.0000000000000000     
   7375.6686820000004       0.96715200000000001        2.7503000000000000E-002   1.0000000000000000     
   7375.8221860000003       0.98920200000000003        2.8684000000000001E-002   1.0000000000000000     
   7375.9756889999999       0.96828499999999995        2.9679000000000001E-002   1.0000000000000000     
   7376.1291929999998       0.99515500000000001        2.8825000000000000E-002   1.0000000000000000     
   7376.2826969999996       0.97544100000000000        2.7777000000000000E-002   1.0000000000000000     
   7376.4362010000004       0.90158499999999997        2.7688000000000001E-002   1.0000000000000000     
   7376.5897050000003       0.93976999999999999        2.7588999999999999E-002   1.0000000000000000     
   7376.7432079999999        1.0159419999999999        2.7393000000000001E-002   1.0000000000000000     
   7376.8967119999998        1.0167520000000001        2.8308000000000000E-002   1.0000000000000000     
   7377.0502159999996       0.95946799999999999        3.1368000000000000E-002   1.0000000000000000     
   7377.2037200000004       0.98168200000000005        2.9250999999999999E-002   1.0000000000000000     
   7377.3572230000000       0.96157499999999996        2.8399000000000001E-002   1.0000000000000000     
   7377.5107269999999       0.96903099999999998        2.8142000000000000E-002   1.0000000000000000     
   7377.6642309999997        1.0089370000000000        2.7826000000000000E-002   1.0000000000000000     
   7377.8177349999996       0.97990699999999997        2.7508000000000001E-002   1.0000000000000000     
   7377.9712390000004        1.0123570000000000        2.7442999999999999E-002   1.0000000000000000     
   7378.1247420000000        1.0335600000000000        2.7588000000000001E-002   1.0000000000000000     
   7378.2782459999999       0.93342199999999997        2.8049999999999999E-002   1.0000000000000000     
   7378.4317499999997       0.96209800000000001        2.7975000000000000E-002   1.0000000000000000     
   7378.5852539999996       0.99866500000000002        2.8024000000000000E-002   1.0000000000000000     
   7378.7387570000001       0.99657799999999996        2.8319000000000000E-002   1.0000000000000000     
   7378.8922610000000       0.96909500000000004        2.8357000000000000E-002   1.0000000000000000     
   7379.0457649999998       0.98149799999999998        2.8083000000000000E-002   1.0000000000000000     
   7379.1992689999997       0.98466399999999998        2.7997000000000001E-002   1.0000000000000000     
   7379.3527720000002        1.0015039999999999        2.7973999999999999E-002   1.0000000000000000     
   7379.5062760000001       0.99756699999999998        2.8212999999999998E-002   1.0000000000000000     
   7379.6597800000000       0.96618400000000004        2.8407000000000002E-002   1.0000000000000000     
   7379.8132839999998       0.96792000000000000        2.8192999999999999E-002   1.0000000000000000     
   7379.9667879999997       0.91963600000000001        2.8177000000000001E-002   1.0000000000000000     
   7380.1202910000002       0.94722700000000004        2.8150999999999999E-002   1.0000000000000000     
   7380.2737950000001       0.95489500000000005        2.7886999999999999E-002   1.0000000000000000     
   7380.4272989999999        1.0005809999999999        2.7890999999999999E-002   1.0000000000000000     
   7380.5808029999998       0.97570299999999999        2.8329000000000000E-002   1.0000000000000000     
   7380.7343060000003       0.95012300000000005        2.8534000000000000E-002   1.0000000000000000     
   7380.8878100000002       0.91831499999999999        2.8426000000000000E-002   1.0000000000000000     
   7381.0413140000001       0.87679399999999996        2.9571000000000000E-002   1.0000000000000000     
   7381.1948179999999       0.97107800000000000        3.8689000000000001E-002   1.0000000000000000     
   7381.3483219999998       0.95901099999999995        3.6655000000000000E-002   1.0000000000000000     
   7381.5018250000003       0.95808499999999996        3.0585000000000001E-002   1.0000000000000000     
   7381.6553290000002       0.94724100000000000        2.9173999999999999E-002   1.0000000000000000     
#!  ---- tick mark positions for above ----
#!      7364.63840     2    21
#!      7368.55667     2    22
