#! -------------------------
   7479.1694639999996       0.94513999999999998        2.1540000000000000E-002   1.0000000000000000     
   7479.3263059999999       0.97361900000000001        2.1579999999999998E-002   1.0000000000000000     
   7479.4831489999997       0.95528599999999997        2.1538000000000002E-002   1.0000000000000000     
   7479.6399920000003       0.93138900000000002        2.1586000000000001E-002   1.0000000000000000     
   7479.7968350000001       0.94545500000000005        2.1641000000000001E-002   1.0000000000000000     
   7479.9536779999999       0.95874400000000004        2.1586000000000001E-002   1.0000000000000000     
   7480.1105209999996       0.95702600000000004        2.1468000000000001E-002   1.0000000000000000     
   7480.2673640000003        1.0277510000000001        2.1384000000000000E-002   1.0000000000000000     
   7480.4242059999997       0.94189500000000004        2.1680999999999999E-002   1.0000000000000000     
   7480.5810490000003       0.89746400000000004        2.1873000000000000E-002   1.0000000000000000     
   7480.7378920000001       0.98996700000000004        2.1850000000000001E-002   1.0000000000000000     
   7480.8947349999999        1.0251900000000000        2.2261000000000000E-002   1.0000000000000000     
   7481.0515779999996       0.87266500000000002        2.4400999999999999E-002   1.0000000000000000     
   7481.2084210000003       0.81236100000000000        2.7727000000000002E-002   1.0000000000000000     
   7481.3652640000000       0.88774600000000004        2.7664999999999999E-002   1.0000000000000000     
   7481.5221069999998        1.0141600000000000        2.4566000000000001E-002   1.0000000000000000     
   7481.6789490000001       0.88146599999999997        2.5721000000000001E-002   1.0000000000000000     
   7481.8357919999999       0.81949600000000000        2.7814999999999999E-002   1.0000000000000000     
   7481.9926349999996        1.0852210000000000        2.6096999999999999E-002   1.0000000000000000     
   7482.1494780000003       0.94810099999999997        2.3562000000000000E-002   1.0000000000000000     
   7482.3063210000000       0.93742599999999998        2.5284000000000001E-002   1.0000000000000000     
   7482.4631639999998       0.94745500000000005        2.8735000000000000E-002   1.0000000000000000     
   7482.6200070000004        1.0041860000000000        2.7623999999999999E-002   1.0000000000000000     
   7482.7768489999999       0.95159499999999997        2.3435999999999998E-002   1.0000000000000000     
   7482.9336919999996       0.92963600000000002        2.2027999999999999E-002   1.0000000000000000     
   7483.0905350000003       0.94774099999999994        2.1777000000000001E-002   1.0000000000000000     
   7483.2473780000000       0.95298400000000005        2.1769000000000000E-002   1.0000000000000000     
   7483.4042209999998        1.0027889999999999        2.1683999999999998E-002   1.0000000000000000     
   7483.5610640000004       0.99918499999999999        2.1642000000000002E-002   1.0000000000000000     
   7483.7179070000002        1.0072680000000001        2.1663999999999999E-002   1.0000000000000000     
   7483.8747489999996       0.98452099999999998        2.1718000000000001E-002   1.0000000000000000     
   7484.0315920000003       0.91142199999999995        2.1821000000000000E-002   1.0000000000000000     
   7484.1884350000000       0.88927500000000004        2.1829000000000001E-002   1.0000000000000000     
   7484.3452779999998        1.0231640000000000        2.1781999999999999E-002   1.0000000000000000     
   7484.5021210000004       0.92460500000000001        2.1876000000000000E-002   1.0000000000000000     
   7484.6589640000002       0.99179499999999998        2.1659000000000001E-002   1.0000000000000000     
   7484.8158069999999       0.90170899999999998        2.2339999999999999E-002   1.0000000000000000     
   7484.9726490000003        1.0810540000000000        2.3092999999999999E-002   1.0000000000000000     
   7485.1294920000000       0.78945699999999996        2.2304000000000001E-002   1.0000000000000000     
   7485.2863349999998       0.98957399999999995        2.2440999999999999E-002   1.0000000000000000     
   7485.4431780000004       0.97350400000000004        2.4774000000000001E-002   1.0000000000000000     
   7485.6000210000002       0.95730999999999999        3.4820999999999998E-002   1.0000000000000000     
   7485.7568640000000       0.93187600000000004        3.9424000000000001E-002   1.0000000000000000     
   7485.9137069999997       0.95470900000000003        3.0422999999999999E-002   1.0000000000000000     
   7486.0705500000004       0.95868299999999995        2.3355999999999998E-002   1.0000000000000000     
   7486.2273919999998       0.94460200000000005        2.1985000000000001E-002   1.0000000000000000     
   7486.3842350000004       0.92932999999999999        2.2027000000000001E-002   1.0000000000000000     
   7486.5410780000002       0.99477000000000004        2.2131999999999999E-002   1.0000000000000000     
   7486.6979210000000       0.97016000000000002        2.2252000000000001E-002   1.0000000000000000     
   7486.8547639999997       0.91862600000000005        2.1897000000000000E-002   1.0000000000000000     
   7487.0116070000004       0.96501499999999996        2.1739000000000001E-002   1.0000000000000000     
   7487.1684500000001       0.94437800000000005        2.1853000000000001E-002   1.0000000000000000     
   7487.3252920000004       0.94945100000000004        2.1991000000000000E-002   1.0000000000000000     
   7487.4821350000002       0.95334900000000000        2.1864999999999999E-002   1.0000000000000000     
   7487.6389780000000       0.95218400000000003        2.1703000000000000E-002   1.0000000000000000     
   7487.7958209999997        1.0229839999999999        2.1533000000000000E-002   1.0000000000000000     
   7487.9526640000004       0.96184400000000003        2.1609000000000000E-002   1.0000000000000000     
   7488.1095070000001       0.96318199999999998        2.1867000000000001E-002   1.0000000000000000     
   7488.2663499999999       0.96872199999999997        2.2023000000000001E-002   1.0000000000000000     
   7488.4231920000002       0.96628400000000003        2.2335000000000001E-002   1.0000000000000000     
   7488.5800350000000       0.97123800000000005        2.2553000000000000E-002   1.0000000000000000     
   7488.7368779999997       0.97342300000000004        2.2318000000000001E-002   1.0000000000000000     
   7488.8937210000004       0.96494300000000000        2.1971000000000001E-002   1.0000000000000000     
   7489.0505640000001       0.91438200000000003        2.1890000000000000E-002   1.0000000000000000     
   7489.2074069999999       0.94131799999999999        2.1958999999999999E-002   1.0000000000000000     
   7489.3642499999996       0.93368499999999999        2.1968999999999999E-002   1.0000000000000000     
   7489.5210920000000       0.97929600000000006        2.2030000000000001E-002   1.0000000000000000     
   7489.6779349999997       0.99858899999999995        2.1996999999999999E-002   1.0000000000000000     
   7489.8347780000004       0.99012000000000000        2.1961999999999999E-002   1.0000000000000000     
   7489.9916210000001       0.97649600000000003        2.2030000000000001E-002   1.0000000000000000     
   7490.1484639999999        1.0030129999999999        2.2187999999999999E-002   1.0000000000000000     
   7490.3053069999996       0.98932900000000001        2.2626000000000000E-002   1.0000000000000000     
   7490.4621500000003       0.93027099999999996        2.2877000000000002E-002   1.0000000000000000     
   7490.6189919999997       0.97592400000000001        2.2497000000000000E-002   1.0000000000000000     
   7490.7758350000004       0.98729100000000003        2.2187999999999999E-002   1.0000000000000000     
   7490.9326780000001       0.96795799999999999        2.2010999999999999E-002   1.0000000000000000     
   7491.0895209999999       0.98007100000000003        2.1915000000000000E-002   1.0000000000000000     
   7491.2463639999996       0.93187699999999996        2.1968000000000001E-002   1.0000000000000000     
   7491.4032070000003       0.91516600000000004        2.1861999999999999E-002   1.0000000000000000     
   7491.5600500000000       0.92323100000000002        2.1860999999999998E-002   1.0000000000000000     
   7491.7168929999998       0.95072400000000001        2.1916999999999999E-002   1.0000000000000000     
   7491.8737350000001       0.94708899999999996        2.1839000000000001E-002   1.0000000000000000     
   7492.0305779999999       0.89361400000000002        2.1684999999999999E-002   1.0000000000000000     
   7492.1874209999996       0.95610600000000001        2.1592000000000000E-002   1.0000000000000000     
   7492.3442640000003       0.94242000000000004        2.1736999999999999E-002   1.0000000000000000     
   7492.5011070000000       0.99629400000000001        2.1593999999999999E-002   1.0000000000000000     
   7492.6579499999998       0.94497299999999995        2.1635999999999999E-002   1.0000000000000000     
   7492.8147929999996       0.94874999999999998        2.1767000000000002E-002   1.0000000000000000     
   7492.9716349999999       0.96670999999999996        2.1988000000000001E-002   1.0000000000000000     
   7493.1284779999996       0.95629399999999998        2.2100000000000002E-002   1.0000000000000000     
   7493.2853210000003       0.96234900000000001        2.1964000000000001E-002   1.0000000000000000     
   7493.4421640000000       0.93057900000000005        2.2069999999999999E-002   1.0000000000000000     
   7493.5990069999998       0.98529699999999998        2.2200999999999999E-002   1.0000000000000000     
   7493.7558499999996       0.99545300000000003        2.2245999999999998E-002   1.0000000000000000     
   7493.9126930000002       0.96420399999999995        2.2207999999999999E-002   1.0000000000000000     
   7494.0695349999996       0.98986700000000005        2.2172999999999998E-002   1.0000000000000000     
   7494.2263780000003       0.97278799999999999        2.2242999999999999E-002   1.0000000000000000     
   7494.3832210000000       0.94797799999999999        2.2242999999999999E-002   1.0000000000000000     
   7494.5400639999998       0.94930700000000001        2.2159000000000002E-002   1.0000000000000000     
   7494.6969069999996       0.90677600000000003        2.2315000000000002E-002   1.0000000000000000     
   7494.8537500000002       0.91799900000000001        2.2287999999999999E-002   1.0000000000000000     
   7495.0105930000000        1.0068170000000001        2.2565000000000002E-002   1.0000000000000000     
   7495.1674350000003       0.90037199999999995        2.2693000000000001E-002   1.0000000000000000     
   7495.3242780000000       0.92840000000000000        2.2311999999999999E-002  0.99999999999999822     
   7495.4811209999998        1.0623140000000000        2.2467000000000001E-002  0.99999999999911404     
   7495.6379639999996       0.92069000000000001        2.4465000000000001E-002  0.99999999990103561     
   7495.7948070000002       0.95689500000000005        2.8926000000000000E-002  0.99999999616032575     
   7495.9516500000000       0.96447799999999995        3.0162999999999999E-002  0.99999994513583801     
   7496.1084929999997       0.98373999999999995        2.5780000000000001E-002  0.99999968246059179     
   7496.2653360000004       0.96690900000000002        2.3008000000000001E-002  0.99999911798914354     
   7496.4221779999998       0.93404600000000004        2.2185000000000000E-002  0.99999841833940362     
   7496.5790209999996       0.96490500000000001        2.2105000000000000E-002  0.99999577561175534     
   7496.7358640000002       0.97405500000000000        2.2199000000000000E-002  0.99992859993546479     
   7496.8927070000000        1.0044900000000001        2.2117999999999999E-002  0.99883291747223357     
   7497.0495499999997       0.96090799999999998        2.2096000000000001E-002  0.99082486079469756     
   7497.2063930000004       0.97795100000000001        2.2202000000000000E-002  0.96652137391634552     
   7497.3632360000001       0.96596499999999996        2.2164000000000000E-002  0.94309506633458717     
   7497.5200779999996       0.93598000000000003        2.2276000000000001E-002  0.95480483574627462     
   7497.6769210000002       0.96845899999999996        2.2246999999999999E-002  0.98324965896022387     
   7497.8337640000000       0.93218699999999999        2.2370000000000001E-002  0.99711556592040973     
   7497.9906069999997       0.97570000000000001        2.2269000000000001E-002  0.99976757392154958     
   7498.1474500000004       0.89298100000000002        2.2291999999999999E-002  0.99998882926678190     
   7498.3042930000001       0.94328199999999995        2.2352000000000000E-002  0.99999800520000837     
   7498.4611359999999       0.91432599999999997        2.2282000000000000E-002  0.99999886272951022     
   7498.6179780000002       0.96198600000000001        2.2237000000000000E-002  0.99999947092294617     
   7498.7748210000000       0.98431900000000006        2.2141999999999998E-002  0.99999961363088941     
   7498.9316639999997       0.95453500000000002        2.2217000000000001E-002  0.99999867047514535     
   7499.0885070000004       0.94757599999999997        2.2142999999999999E-002  0.99999544140507945     
   7499.2453500000001       0.95350900000000005        2.2381000000000002E-002  0.99998583540723196     
   7499.4021929999999       0.95023999999999997        2.2605000000000000E-002  0.99995828083107696     
   7499.5590359999997       0.90480000000000005        2.2613999999999999E-002  0.99988519535618048     
   7499.7158780000000       0.96751100000000001        2.2563000000000000E-002  0.99970784029701132     
   7499.8727209999997       0.98590800000000001        2.2436999999999999E-002  0.99931510221056208     
   7500.0295640000004       0.99090599999999995        2.2280000000000001E-002  0.99852320686376850     
   7500.1864070000001       0.99117400000000000        2.2335000000000001E-002  0.99707307770689513     
   7500.3432499999999        1.0072540000000001        2.2539000000000000E-002  0.99466967139901219     
   7500.5000929999997       0.98893699999999995        2.2532000000000000E-002  0.99108172608634260     
   7500.6569360000003       0.95704400000000001        2.2506000000000002E-002  0.98629134706818344     
   7500.8137790000001       0.95116199999999995        2.2638999999999999E-002  0.98063695456775879     
   7500.9706210000004       0.95104699999999998        2.2636000000000000E-002  0.97486001515771159     
   7501.1274640000001       0.98766600000000004        2.2453999999999998E-002  0.96998366832523331     
   7501.2843069999999       0.98143700000000000        2.2411000000000000E-002  0.96702903271287799     
   7501.4411499999997       0.97462800000000005        2.2353999999999999E-002  0.96667229909161312     
   7501.5979930000003       0.92597499999999999        2.2563000000000000E-002  0.96899748613317127     
   7501.7548360000001       0.96533599999999997        2.3212000000000000E-002  0.97346495878620976     
   7501.9116789999998       0.96001199999999998        2.3682999999999999E-002  0.97911120604074042     
   7502.0685210000001       0.91979200000000005        2.3078000000000001E-002  0.98488197686726831     
   7502.2253639999999       0.94895799999999997        2.2679999999999999E-002  0.98994433054489017     
   7502.3822069999997       0.93961399999999995        2.2845000000000001E-002  0.99385428959714150     
   7502.5390500000003       0.99424900000000005        2.2522000000000000E-002  0.99654884119231613     
   7502.6958930000001       0.96072800000000003        2.2561999999999999E-002  0.99821906882975187     
   7502.8527359999998       0.94501700000000000        2.2741000000000001E-002  0.99915520827061000     
   7503.0095789999996       0.96045199999999997        2.2797000000000001E-002  0.99963142879164724     
   7503.1664209999999       0.92281700000000000        2.2911999999999998E-002  0.99985192173232340     
   7503.3232639999997        1.0169020000000000        2.2804999999999999E-002  0.99994504984361299     
   7503.4801070000003       0.98660499999999995        2.2867999999999999E-002  0.99998101306154785     
   7503.6369500000001       0.94695300000000004        2.2856999999999999E-002  0.99999379484815654     
   7503.7937929999998       0.93829700000000005        2.2866999999999998E-002  0.99999812183532544     
   7503.9506359999996       0.99215200000000003        2.2811000000000001E-002  0.99999956221393449     
   7504.1074790000002       0.94746799999999998        2.2692000000000000E-002  0.99999994235820100     
   7504.2643209999997       0.96575599999999995        2.2787000000000002E-002  0.99999999664635331     
   7504.4211640000003       0.95100799999999996        2.3036000000000001E-002  0.99999999992507849     
   7504.5780070000001        1.0194660000000000        2.3094000000000000E-002  0.99999999999940781     
   7504.7348499999998       0.92678700000000003        2.3004000000000000E-002  0.99999999999999900     
   7504.8916929999996       0.94383099999999998        2.2970000000000001E-002   1.0000000000000000     
   7505.0485360000002       0.95015799999999995        2.3160000000000000E-002   1.0000000000000000     
   7505.2053790000000       0.96454399999999996        2.3074999999999998E-002   1.0000000000000000     
   7505.3622219999997       0.95319699999999996        2.2797000000000001E-002   1.0000000000000000     
   7505.5190640000001       0.96848199999999995        2.2629000000000000E-002   1.0000000000000000     
   7505.6759069999998       0.96409900000000004        2.2675000000000001E-002   1.0000000000000000     
   7505.8327499999996       0.98914500000000005        2.2731999999999999E-002   1.0000000000000000     
   7505.9895930000002       0.99120299999999995        2.2898000000000002E-002   1.0000000000000000     
   7506.1464360000000       0.98557099999999997        2.3158999999999999E-002   1.0000000000000000     
   7506.3032789999997       0.96102399999999999        2.3671999999999999E-002   1.0000000000000000     
   7506.4601220000004       0.99292700000000000        2.4102999999999999E-002   1.0000000000000000     
   7506.6169639999998       0.95414500000000002        2.3234000000000001E-002   1.0000000000000000     
   7506.7738069999996       0.97975699999999999        2.3005999999999999E-002   1.0000000000000000     
   7506.9306500000002       0.99622500000000003        2.3109999999999999E-002   1.0000000000000000     
   7507.0874930000000        1.0048480000000000        2.3150000000000000E-002   1.0000000000000000     
   7507.2443359999997       0.95629299999999995        2.3071999999999999E-002   1.0000000000000000     
   7507.4011790000004       0.95547599999999999        2.3092000000000001E-002   1.0000000000000000     
   7507.5580220000002       0.95706500000000005        2.3189999999999999E-002   1.0000000000000000     
   7507.7148639999996       0.93845599999999996        2.3158000000000002E-002   1.0000000000000000     
   7507.8717070000002       0.95190500000000000        2.3099999999999999E-002   1.0000000000000000     
   7508.0285500000000       0.94838100000000003        2.3102999999999999E-002   1.0000000000000000     
   7508.1853929999997       0.96104599999999996        2.3029000000000001E-002   1.0000000000000000     
   7508.3422360000004       0.98563199999999995        2.2939000000000001E-002   1.0000000000000000     
   7508.4990790000002       0.91293100000000005        2.2832999999999999E-002   1.0000000000000000     
   7508.6559219999999       0.96803899999999998        2.2860999999999999E-002   1.0000000000000000     
   7508.8127640000002        1.0210490000000001        2.3154000000000001E-002   1.0000000000000000     
   7508.9696070000000       0.97861500000000001        2.3279999999999999E-002   1.0000000000000000     
   7509.1264499999997       0.97335899999999997        2.3113000000000002E-002   1.0000000000000000     
   7509.2832930000004       0.92024300000000003        2.3203000000000001E-002   1.0000000000000000     
   7509.4401360000002       0.98780999999999997        2.3217999999999999E-002   1.0000000000000000     
   7509.5969789999999       0.99156900000000003        2.3234999999999999E-002   1.0000000000000000     
   7509.7538219999997       0.98114000000000001        2.3226000000000000E-002   1.0000000000000000     
   7509.9106650000003       0.91662500000000002        2.3265999999999998E-002   1.0000000000000000     
   7510.0675069999998       0.93023800000000001        2.3595999999999999E-002   1.0000000000000000     
   7510.2243500000004       0.94473499999999999        2.3474999999999999E-002   1.0000000000000000     
   7510.3811930000002       0.94296999999999997        2.3217999999999999E-002   1.0000000000000000     
   7510.5380359999999       0.99865999999999999        2.3113999999999999E-002   1.0000000000000000     
   7510.6948789999997        1.0026630000000001        2.3181000000000000E-002   1.0000000000000000     
   7510.8517220000003       0.97621700000000000        2.3368000000000000E-002   1.0000000000000000     
   7511.0085650000001       0.95729900000000001        2.3503000000000000E-002   1.0000000000000000     
   7511.1654070000004       0.96089999999999998        2.3657999999999998E-002   1.0000000000000000     
   7511.3222500000002       0.94759099999999996        2.3647999999999999E-002   1.0000000000000000     
   7511.4790929999999       0.96700799999999998        2.4274000000000000E-002   1.0000000000000000     
   7511.6359359999997       0.96304699999999999        2.5246999999999999E-002   1.0000000000000000     
   7511.7927790000003       0.94095099999999998        2.4021000000000001E-002   1.0000000000000000     
   7511.9496220000001       0.94253600000000004        2.3605000000000001E-002   1.0000000000000000     
   7512.1064649999998       0.97284700000000002        2.3417000000000000E-002   1.0000000000000000     
   7512.2633070000002       0.98949799999999999        2.3282000000000001E-002   1.0000000000000000     
   7512.4201499999999        1.0216810000000001        2.3290999999999999E-002   1.0000000000000000     
   7512.5769929999997       0.91221500000000000        2.3545000000000000E-002   1.0000000000000000     
   7512.7338360000003        1.0160080000000000        2.3657000000000001E-002   1.0000000000000000     
   7512.8906790000001       0.98009299999999999        2.3685999999999999E-002   1.0000000000000000     
   7513.0475219999998       0.95837200000000000        2.3723000000000001E-002   1.0000000000000000     
   7513.2043649999996       0.98494300000000001        2.3706999999999999E-002   1.0000000000000000     
   7513.3612069999999       0.96841900000000003        2.3906000000000000E-002   1.0000000000000000     
   7513.5180499999997       0.94701700000000000        2.3859999999999999E-002   1.0000000000000000     
   7513.6748930000003       0.91811500000000001        2.3947000000000000E-002   1.0000000000000000     
   7513.8317360000001       0.98939800000000000        2.3845999999999999E-002   1.0000000000000000     
   7513.9885789999998       0.92450500000000002        2.3591000000000001E-002   1.0000000000000000     
   7514.1454219999996        1.0220410000000000        2.3449000000000001E-002   1.0000000000000000     
   7514.3022650000003       0.99111700000000003        2.3570000000000001E-002   1.0000000000000000     
   7514.4591080000000       0.99511700000000003        2.3725000000000000E-002   1.0000000000000000     
   7514.6159500000003       0.97952099999999998        2.3873999999999999E-002   1.0000000000000000     
   7514.7727930000001       0.98064799999999996        2.3814999999999999E-002   1.0000000000000000     
#!  ---- tick mark positions for above ----
#!      7497.39415     1    21
#!      7501.38304     1    22
